desc: I1 cache:         67108864 B, 64 B, 2-way associative
desc: D1 cache:         67108864 B, 64 B, 2-way associative
desc: L2 cache:         1048576 B, 64 B, 16-way associative
cmd: ./bchAtlas.out
events: Ir I1mr I2mr Dr D1mr D2mr Dw D1mw D2mw 
fl=/build/buildd/eglibc-2.11.1/csu/../sysdeps/generic/dl-hash.h
fn=_init
35 3 0 0 1 1 1 0 0 0
37 2 0 0 0 0 0 0 0 0
38 4 0 0 1 0 0 0 0 0
40 3 0 0 0 0 0 0 0 0
41 4 1 1 1 0 0 0 0 0
43 3 0 0 0 0 0 0 0 0
44 4 1 1 1 0 0 0 0 0
46 4 1 1 0 0 0 0 0 0
47 19 0 0 5 0 0 0 0 0
50 16 0 0 0 0 0 0 0 0
51 8 0 0 0 0 0 0 0 0
64 4 0 0 0 0 0 0 0 0
65 8 1 1 0 0 0 0 0 0
fl=/build/buildd/eglibc-2.11.1/csu/../sysdeps/unix/sysv/linux/x86_64/../init-first.c
fn=_init
52 8 1 1 0 0 0 4 0 0
58 4 0 0 1 0 0 1 1 1
67 5 2 2 4 0 0 0 0 0
73 1 0 0 0 0 0 1 1 1
74 1 0 0 0 0 0 1 0 0
75 2 1 1 1 0 0 1 1 1
89 4 0 0 0 0 0 1 0 0
97 1 0 0 0 0 0 1 0 0
99 6 0 0 5 0 0 0 0 0
fl=/build/buildd/eglibc-2.11.1/csu/../sysdeps/unix/sysv/linux/x86_64/init-first.c
fn=_init
33 7 0 0 0 0 0 4 0 0
35 3 0 0 0 0 0 1 0 0
38 3 0 0 0 0 0 0 0 0
40 2 0 0 1 0 0 0 0 0
41 1 0 0 0 0 0 1 0 0
43 3 1 1 0 0 0 1 0 0
44 2 0 0 1 0 0 0 0 0
45 1 0 0 0 0 0 1 0 0
fl=/build/buildd/eglibc-2.11.1/csu/../sysdeps/x86_64/multiarch/init-arch.c
fn=__init_cpu_features
31 6 1 1 0 0 0 4 0 0
37 4 0 0 0 0 0 1 0 0
38 4 0 0 0 0 0 1 0 0
44 1 0 0 0 0 0 1 0 0
49 3 1 1 0 0 0 1 0 0
52 6 0 0 0 0 0 0 0 0
54 1 0 0 0 0 0 1 0 0
60 3 1 1 0 0 0 0 0 0
61 2 0 0 0 0 0 0 0 0
66 2 0 0 0 0 0 0 0 0
68 2 0 0 0 0 0 1 0 0
69 8 1 1 0 0 0 0 0 0
94 2 0 0 2 0 0 0 0 0
fl=/build/buildd/eglibc-2.11.1/csu/libc-start.c
fn=(below main)
96 10 1 1 0 0 0 8 0 0
106 7 1 1 2 0 0 1 0 0
158 2 0 0 0 0 0 0 0 0
159 4 0 0 0 0 0 1 0 0
181 4 1 1 2 0 0 0 0 0
184 2 0 0 0 0 0 0 0 0
185 5 0 0 4 0 0 1 0 0
189 4 0 0 2 0 0 0 0 0
204 2 0 0 0 0 0 0 0 0
213 2 1 1 0 0 0 1 0 0
214 2 0 0 0 0 0 0 0 0
219 2 0 0 1 0 0 1 0 0
220 2 0 0 1 0 0 1 0 0
223 2 0 0 0 0 0 1 0 0
226 5 0 0 5 0 0 1 0 0
258 2 0 0 0 0 0 1 0 0
fl=/build/buildd/eglibc-2.11.1/elf/../elf/dl-runtime.c
fn=_dl_fixup
73 245 1 1 0 0 0 196 0 0
76 98 1 1 98 0 0 0 0 0
79 245 0 0 98 0 0 0 0 0
80 392 0 0 147 0 0 49 0 0
81 98 0 0 98 0 0 0 0 0
86 98 0 0 0 0 0 0 0 0
90 98 0 0 49 20 20 0 0 0
94 147 1 1 49 0 0 0 0 0
99 288 0 0 144 2 2 0 0 0
100 174 1 1 48 0 0 0 0 0
108 196 1 1 49 0 0 0 0 0
115 98 0 0 49 0 0 49 0 0
118 539 1 1 98 0 0 147 0 0
122 147 0 0 49 0 0 0 0 0
126 196 0 0 49 0 0 49 0 0
132 343 1 1 98 0 0 0 0 0
140 49 0 0 49 0 0 0 0 0
147 196 0 0 49 0 0 0 0 0
148 2 0 0 0 0 0 1 0 0
151 147 0 0 49 0 0 0 0 0
155 294 0 0 245 0 0 0 0 0
fl=/build/buildd/eglibc-2.11.1/elf/../elf/dl-sysdep.c
fn=_dl_important_hwcaps
353 12 1 1 0 0 0 10 1 1
355 1 0 0 1 0 0 0 0 0
356 3 1 1 0 0 0 0 0 0
365 2 0 0 1 0 0 0 0 0
375 3 1 1 1 0 0 0 0 0
379 3 2 2 0 0 0 1 0 0
417 2 1 1 0 0 0 1 0 0
419 7 1 1 1 0 0 2 1 1
434 6 0 0 0 0 0 0 0 0
437 2 1 1 0 0 0 0 0 0
442 4 2 2 0 0 0 0 0 0
459 2 1 1 0 0 0 0 0 0
467 2 1 1 1 0 0 0 0 0
469 3 0 0 1 0 0 1 0 0
470 5 1 1 1 0 0 1 0 0
474 3 0 0 0 0 0 1 0 0
475 1 0 0 0 0 0 1 0 0
478 2 0 0 1 0 0 0 0 0
481 2 0 0 1 0 0 0 0 0
485 6 1 1 3 0 0 0 0 0
486 2 0 0 1 0 0 0 0 0
504 10 0 0 2 0 0 4 0 0
505 5 1 1 0 0 0 2 0 0
506 2 0 0 0 0 0 0 0 0
513 2 0 0 0 0 0 0 0 0
535 6 1 1 2 0 0 2 1 1
538 2 0 0 1 0 0 0 0 0
540 7 0 0 2 0 0 3 0 0
541 6 1 1 2 0 0 3 0 0
559 1 0 0 0 0 0 0 0 0
566 23 1 1 3 0 0 0 0 0
567 12 1 1 0 0 0 4 0 0
571 10 0 0 1 0 0 0 0 0
574 26 1 1 0 0 0 0 0 0
575 24 0 0 0 0 0 0 0 0
576 16 0 0 8 0 0 4 0 0
578 4 0 0 0 0 0 0 0 0
581 3 0 0 1 0 0 0 0 0
582 1 0 0 0 0 0 0 0 0
583 5 1 1 1 0 0 0 0 0
596 16 1 1 4 0 0 2 0 0
599 6 0 0 0 0 0 0 0 0
602 4 0 0 3 0 0 1 0 0
605 8 0 0 7 0 0 0 0 0
fn=_dl_sysdep_start
88 8 1 1 0 0 0 6 1 1
112 1 0 0 0 0 0 1 0 0
113 167 1 1 54 7 7 4 2 2
116 2 0 0 0 0 0 1 0 0
117 1 0 0 0 0 0 1 1 1
119 96 2 2 26 6 6 9 0 0
120 106 1 1 17 3 3 0 0 0
123 2 0 0 1 0 0 0 0 0
126 1 1 1 1 0 0 0 0 0
129 1 1 1 1 0 0 0 0 0
132 1 0 0 1 0 0 0 0 0
153 1 1 1 1 0 0 0 0 0
156 1 0 0 1 0 0 0 0 0
159 1 1 1 1 0 0 0 0 0
162 1 1 1 1 0 0 0 0 0
178 1 0 0 1 0 0 0 0 0
226 3 0 0 0 0 0 2 0 0
228 5 0 0 0 0 0 1 0 0
240 3 0 0 1 0 0 0 0 0
243 4 1 1 0 0 0 1 0 0
245 9 0 0 8 0 0 0 0 0
fn=_dl_sysdep_start_cleanup
251 1 0 0 1 0 0 0 0 0
fl=/build/buildd/eglibc-2.11.1/elf/../misc/sbrk.c
fn=sbrk
35 4 0 0 0 0 0 2 0 0
43 6 1 1 2 0 0 0 0 0
47 2 0 0 0 0 0 0 0 0
58 5 1 1 3 0 0 0 0 0
fl=/build/buildd/eglibc-2.11.1/elf/../sysdeps/generic/dl-hash.h
fn=do_lookup_x
65 12324 1 1 0 0 0 0 0 0
fl=/build/buildd/eglibc-2.11.1/elf/../sysdeps/unix/sysv/linux/dl-execstack.c
fn=_dl_make_stack_executable
38 5 1 1 0 0 0 3 0 0
40 1 0 0 1 0 0 0 0 0
41 1 0 0 1 0 0 0 0 0
45 2 1 1 0 0 0 0 0 0
47 6 0 0 4 0 0 1 0 0
57 8 0 0 2 0 0 1 0 0
142 1 0 0 0 0 0 1 0 0
145 2 0 0 1 0 0 0 0 0
153 5 0 0 4 0 0 0 0 0
fl=/build/buildd/eglibc-2.11.1/elf/../sysdeps/unix/sysv/linux/dl-librecon.h
fn=process_envvars
32 3 0 0 0 0 0 1 0 0
fl=/build/buildd/eglibc-2.11.1/elf/../sysdeps/unix/sysv/linux/dl-osinfo.h
fn=security_init
68 1 1 1 0 0 0 1 0 0
72 1 0 0 0 0 0 0 0 0
75 2 0 0 0 0 0 0 0 0
123 7 0 0 4 0 0 3 0 0
132 2 0 0 0 0 0 0 0 0
143 1 0 0 1 0 0 0 0 0
fl=/build/buildd/eglibc-2.11.1/elf/../sysdeps/unix/sysv/linux/dl-sysdep.c
fn=_dl_discover_osversion
67 4 1 1 0 0 0 3 0 0
69 3 0 0 1 0 0 0 0 0
109 6 1 1 0 0 0 1 1 1
121 2 0 0 0 0 0 0 0 0
131 12 0 0 3 1 1 0 0 0
133 9 1 1 0 0 0 0 0 0
135 17 0 0 4 0 0 0 0 0
138 4 0 0 0 0 0 0 0 0
141 3 0 0 0 0 0 0 0 0
142 3 0 0 0 0 0 0 0 0
143 3 0 0 0 0 0 0 0 0
145 14 1 1 0 0 0 0 0 0
150 2 0 0 0 0 0 0 0 0
154 5 0 0 4 0 0 0 0 0
fn=_dl_sysdep_start
36 2 0 0 0 0 0 1 1 1
fl=/build/buildd/eglibc-2.11.1/elf/../sysdeps/unix/sysv/linux/dl-vdso.c
fn=_dl_vdso_vsym
27 2 1 1 0 0 0 0 0 0
28 4 1 1 4 0 0 0 0 0
32 4 0 0 0 0 0 0 0 0
46 2 0 0 0 0 0 0 0 0
50 4 0 0 2 0 0 0 0 0
fl=/build/buildd/eglibc-2.11.1/elf/../sysdeps/unix/sysv/linux/x86_64/brk.c
fn=brk
29 1 1 1 0 0 0 0 0 0
32 5 0 0 0 0 0 1 1 1
34 3 0 0 0 0 0 0 0 0
41 2 1 1 1 0 0 0 0 0
fl=/build/buildd/eglibc-2.11.1/elf/../sysdeps/x86_64/dl-machine.h
fn=_dl_fixup
236 49 0 0 0 0 0 49 0 0
fn=_dl_relocate_object
96 53 1 1 10 0 0 0 0 0
102 20 0 0 20 0 0 0 0 0
106 30 0 0 10 9 9 0 0 0
111 10 0 0 0 0 0 10 0 0
119 30 0 0 10 0 0 0 0 0
132 20 0 0 0 0 0 10 0 0
135 63 1 1 11 6 6 0 0 0
267 3816 0 0 0 0 0 0 0 0
270 7632 2 2 0 0 0 0 0 0
288 7632 0 0 0 0 0 0 0 0
295 171331 9 9 31985 1162 1162 22110 0 0
296 19076 0 0 7598 0 0 20 0 0
300 15196 0 0 3799 0 0 0 0 0
309 22896 3 3 3816 3 3 0 0 0
327 4 1 1 0 0 0 0 0 0
328 4 0 0 2 0 0 2 0 0
335 3 0 0 1 0 0 0 0 0
336 3 0 0 2 0 0 1 0 0
377 36 1 1 12 0 0 0 0 0
381 36 0 0 12 0 0 0 0 0
386 48 0 0 24 3 3 12 4 4
394 7605 0 0 3801 472 472 3801 423 423
465 1843 0 0 0 0 0 0 0 0
466 3695 1 1 1843 462 462 0 0 0
467 5529 0 0 1843 230 230 1843 384 384
475 10872 0 0 5436 0 0 0 0 0
476 5436 0 0 5436 2031 2031 0 0 0
479 10872 0 0 0 0 0 0 0 0
481 16308 0 0 5436 0 0 0 0 0
482 5436 0 0 5436 675 675 0 0 0
fn=_dl_start
76 2 1 1 1 1 1 0 0 0
288 24 0 0 0 0 0 0 0 0
296 40 0 0 16 1 1 0 0 0
300 32 0 0 8 5 5 0 0 0
306 24 0 0 0 0 0 0 0 0
307 16 0 0 8 1 1 8 1 1
465 14 0 0 0 0 0 0 0 0
466 28 1 1 14 4 4 0 0 0
467 42 0 0 14 2 2 14 4 4
fn=_dl_sysdep_start
226 5 1 1 2 1 1 0 0 0
fl=/build/buildd/eglibc-2.11.1/elf/../sysdeps/x86_64/dl-trampoline.S
fn=_dl_runtime_resolve
30 49 1 1 0 0 0 0 0 0
32 49 0 0 0 0 0 49 0 0
33 49 0 0 0 0 0 49 0 0
34 49 1 1 0 0 0 49 0 0
35 49 0 0 0 0 0 49 0 0
36 49 0 0 0 0 0 49 0 0
37 49 0 0 0 0 0 49 0 0
38 49 0 0 0 0 0 49 0 0
39 49 0 0 49 0 0 0 0 0
40 49 0 0 49 0 0 0 0 0
41 49 0 0 0 0 0 49 0 0
42 49 0 0 0 0 0 0 0 0
43 49 0 0 49 0 0 0 0 0
44 49 0 0 49 0 0 0 0 0
45 49 0 0 49 0 0 0 0 0
46 49 0 0 49 0 0 0 0 0
47 49 1 1 49 0 0 0 0 0
48 49 0 0 49 0 0 0 0 0
49 49 0 0 49 0 0 0 0 0
50 49 0 0 0 0 0 0 0 0
52 49 0 0 0 0 0 0 0 0
fl=/build/buildd/eglibc-2.11.1/elf/dl-addr.c
fn=_dl_addr
31 2 1 1 1 0 0 1 0 0
32 2 0 0 1 0 0 1 0 0
35 3 0 0 2 0 0 0 0 0
40 2 1 1 2 0 0 0 0 0
41 3 0 0 2 0 0 1 0 0
43 3 0 0 2 0 0 1 0 0
46 2 0 0 1 0 0 0 0 0
51 4046 0 0 2 0 0 0 0 0
53 1011 0 0 1011 18 18 0 0 0
54 2022 0 0 0 0 0 0 0 0
56 3600 1 1 900 0 0 0 0 0
62 19388 0 0 15 0 0 0 0 0
63 2148 0 0 2148 412 412 0 0 0
64 8592 0 0 2148 0 0 0 0 0
65 7049 1 1 4904 303 303 0 0 0
70 1248 0 0 0 0 0 0 0 0
72 10062 0 0 2148 73 73 0 0 0
100 2 1 1 1 0 0 0 0 0
101 2 0 0 1 0 0 1 0 0
102 2 0 0 1 0 0 0 0 0
105 2 0 0 0 0 0 0 0 0
117 1 1 1 0 0 0 1 0 0
118 3 1 1 0 0 0 1 0 0
125 5 1 1 0 0 0 0 0 0
127 11 1 1 0 0 0 8 0 0
132 3 0 0 2 0 0 1 0 0
135 5 1 1 1 0 0 0 0 0
136 19 1 1 6 0 0 0 0 0
137 24 0 0 12 0 0 0 0 0
138 2 1 1 1 0 0 0 0 0
146 2 1 1 1 0 0 1 0 0
149 9 0 0 7 0 0 0 0 0
fl=/build/buildd/eglibc-2.11.1/elf/dl-altinit.c
fn=dlinit_alt
33 3 0 0 2 0 0 0 0 0
34 1 0 0 1 0 0 0 0 0
fl=/build/buildd/eglibc-2.11.1/elf/dl-cache.c
fn=_dl_cache_libcmp
140 1058 0 0 0 0 0 0 0 0
142 1557 0 0 0 0 0 0 0 0
144 30 0 0 0 0 0 0 0 0
150 30 0 0 0 0 0 0 0 0
151 30 0 0 0 0 0 0 0 0
152 40 1 1 10 0 0 0 0 0
154 40 0 0 10 0 0 0 0 0
156 20 0 0 0 0 0 0 0 0
162 1527 1 1 0 0 0 0 0 0
164 1018 0 0 0 0 0 0 0 0
165 324 0 0 81 0 0 0 0 0
168 428 0 0 0 0 0 0 0 0
169 2413 2 2 1038 61 61 0 0 0
172 20 0 0 0 0 0 0 0 0
173 10 0 0 10 0 0 0 0 0
fn=_dl_load_cache_lookup
182 64 2 2 0 0 0 48 0 0
190 16 0 0 8 0 0 0 0 0
193 24 0 0 8 0 0 0 0 0
196 4 1 1 0 0 0 1 0 0
204 17 0 0 22 2 2 0 0 0
205 4 1 1 1 0 0 0 0 0
209 2 0 0 0 0 0 1 0 0
212 4 0 0 1 0 0 0 0 0
215 2 0 0 0 0 0 1 0 0
216 25 0 0 40 1 1 0 0 0
218 2 2 2 0 0 0 0 0 0
235 2 1 1 0 0 0 0 0 0
238 16 0 0 0 0 0 0 0 0
244 24 0 0 8 0 0 0 0 0
253 24 0 0 8 0 0 0 0 0
259 32 1 1 0 0 0 8 0 0
276 2427 8 8 361 54 54 190 0 0
292 32 0 0 8 0 0 0 0 0
297 72 0 0 56 0 0 0 0 0
fn=_dl_unload_cache
306 1 0 0 0 0 0 0 0 0
307 4 0 0 1 0 0 0 0 0
309 2 0 0 1 0 0 1 0 0
310 1 0 0 0 0 0 1 0 0
312 2 0 0 1 0 0 0 0 0
fl=/build/buildd/eglibc-2.11.1/elf/dl-caller.c
fn=_dl_check_caller
30 16 2 2 0 0 0 12 0 0
38 8 0 0 2 0 0 2 0 0
39 10 0 0 2 0 0 0 0 0
40 2 0 0 2 0 0 0 0 0
41 8 0 0 4 0 0 0 0 0
42 8 1 1 4 0 0 0 0 0
46 12 1 1 2 0 0 2 0 0
48 12 0 0 2 0 0 2 0 0
51 17 1 1 5 0 0 2 0 0
54 26 1 1 8 1 1 2 0 0
57 2 0 0 2 0 0 0 0 0
59 31 2 2 11 0 0 0 0 0
61 3 1 1 1 0 0 0 0 0
63 4 0 0 0 0 0 0 0 0
66 5 0 0 6 0 0 0 0 0
67 10 1 1 0 0 0 0 0 0
70 76 1 1 88 1 1 2 0 0
73 2 0 0 2 0 0 0 0 0
80 2 1 1 0 0 0 0 0 0
87 14 0 0 14 0 0 0 0 0
fl=/build/buildd/eglibc-2.11.1/elf/dl-debug.c
fn=_dl_debug_initialize
52 33 1 1 11 0 0 0 0 0
57 53 2 2 10 0 0 0 0 0
60 1 0 0 0 0 0 1 0 0
61 3 0 0 0 0 0 1 0 0
62 5 0 0 1 0 0 1 0 0
63 2 0 0 0 0 0 1 0 0
67 11 0 0 11 0 0 0 0 0
fn=_dl_debug_state
77 2 1 1 2 0 0 0 0 0
fl=/build/buildd/eglibc-2.11.1/elf/dl-deps.c
fn=_dl_map_object_deps
146 5 0 0 0 0 0 0 0 0
149 11 2 2 0 0 0 9 0 0
150 9 0 0 0 0 0 1 0 0
164 4 0 0 0 0 0 2 0 0
165 2 0 0 0 0 0 2 0 0
166 7 1 1 0 0 0 2 0 0
172 9 1 1 2 0 0 2 0 0
182 8 0 0 0 0 0 1 0 0
183 1 0 0 1 0 0 0 0 0
186 3 1 1 0 0 0 2 0 0
201 2 0 0 1 0 0 1 0 0
203 1 0 0 0 0 0 1 0 0
204 2 0 0 0 0 0 2 0 0
208 22 0 0 22 0 0 0 0 0
213 11 0 0 0 0 0 11 0 0
217 84 1 1 32 0 0 0 0 0
218 10 0 0 10 0 0 0 0 0
219 65 2 2 0 0 0 0 0 0
222 30 0 0 15 2 2 0 0 0
224 27 0 0 18 0 0 9 0 0
229 9 0 0 0 0 0 9 0 0
230 9 0 0 0 0 0 9 0 0
231 18 0 0 9 0 0 9 0 0
232 18 0 0 9 0 0 9 0 0
235 948 1 1 245 0 0 9 0 0
236 436 1 1 0 0 0 0 0 0
242 176 0 0 44 0 0 22 0 0
244 22 0 0 0 0 0 22 0 0
247 132 1 1 88 0 0 22 0 0
249 66 0 0 22 0 0 0 0 0
264 22 0 0 22 0 0 0 0 0
266 44 0 0 22 0 0 0 0 0
271 27 0 0 0 0 0 0 0 0
274 9 0 0 0 0 0 9 0 0
275 9 0 0 0 0 0 9 0 0
276 9 0 0 0 0 0 9 0 0
277 18 0 0 9 0 0 9 0 0
279 9 1 1 9 0 0 0 0 0
281 54 1 1 9 0 0 18 0 0
285 44 0 0 0 0 0 0 0 0
286 54 0 0 0 0 0 18 0 0
288 784 2 2 0 0 0 0 0 0
338 9 1 1 0 0 0 4 0 0
466 22 0 0 0 0 0 0 0 0
468 27 0 0 0 0 0 9 0 0
470 36 1 1 0 0 0 9 0 0
472 18 0 0 0 0 0 0 0 0
475 9 0 0 0 0 0 9 1 1
476 54 0 0 0 0 0 9 0 0
477 45 0 0 0 0 0 9 0 0
480 9 0 0 0 0 0 9 0 0
484 66 0 0 22 0 0 0 0 0
486 11 0 0 11 0 0 0 0 0
487 76 0 0 11 0 0 11 0 0
491 4 1 1 1 0 0 0 0 0
492 3 0 0 1 0 0 1 0 0
495 5 0 0 2 0 0 1 0 0
506 5 1 1 1 0 0 1 0 0
508 2 1 1 0 0 0 0 0 0
513 5 0 0 2 0 0 1 0 0
514 7 1 1 3 0 0 1 0 0
516 33 0 0 11 0 0 0 0 0
522 55 0 0 22 0 0 11 2 2
526 22 0 0 22 0 0 0 0 0
529 2 0 0 1 0 0 0 0 0
575 5 1 1 3 0 0 0 0 0
577 4 0 0 2 0 0 0 0 0
612 11 3 3 0 0 0 4 0 0
617 44 0 0 2 0 0 0 0 0
619 20 0 0 20 0 0 0 0 0
625 222 1 1 51 0 0 0 0 0
630 185 0 0 0 0 0 0 0 0
634 147 1 1 98 0 0 0 0 0
635 107 0 0 0 0 0 0 0 0
637 572 0 0 143 0 0 0 0 0
638 317 0 0 0 0 0 0 0 0
643 56 1 1 4 0 0 28 0 0
645 8 0 0 4 0 0 4 0 0
649 4 0 0 0 0 0 0 0 0
651 24 0 0 20 0 0 0 0 0
657 2 0 0 1 0 0 1 0 0
659 1 0 0 0 0 0 1 0 0
667 2 0 0 1 0 0 0 0 0
670 2 0 0 1 0 0 0 0 0
673 8 0 0 7 0 0 0 0 0
fn=openaux
62 44 1 1 0 0 0 22 0 0
65 132 1 1 88 0 0 44 0 0
66 132 0 0 22 0 0 0 0 0
69 22 0 0 22 0 0 0 0 0
70 44 0 0 44 0 0 0 0 0
fl=/build/buildd/eglibc-2.11.1/elf/dl-environ.c
fn=_dl_next_ld_env_entry
31 3 1 1 3 0 0 0 0 0
34 162 0 0 53 0 0 0 0 0
36 104 0 0 52 26 26 0 0 0
37 30 1 1 14 0 0 0 0 0
39 2 0 0 0 0 0 0 0 0
42 4 0 0 0 0 0 2 0 0
44 2 0 0 2 0 0 0 0 0
47 50 0 0 0 0 0 0 0 0
51 1 0 0 1 0 0 0 0 0
fl=/build/buildd/eglibc-2.11.1/elf/dl-error.c
fn=_dl_catch_error
160 161 2 2 0 0 0 138 4 4
169 23 0 0 0 0 0 23 0 0
171 46 0 0 23 0 0 46 0 0
172 46 0 0 23 0 0 23 0 0
174 92 0 0 0 0 0 23 0 0
175 46 0 0 0 0 0 0 0 0
177 69 1 1 23 0 0 23 0 0
178 46 0 0 46 0 0 23 0 0
179 69 0 0 46 0 0 23 0 0
180 46 0 0 23 0 0 23 0 0
181 46 0 0 23 0 0 23 0 0
182 46 0 0 23 0 0 23 0 0
192 92 0 0 46 0 0 0 0 0
fn=_dl_receive_error
198 10 2 2 0 0 0 6 0 0
199 2 0 0 1 0 0 1 0 0
203 1 0 0 1 0 0 0 0 0
204 1 0 0 1 0 0 0 0 0
207 1 0 0 0 0 0 1 0 0
208 1 0 0 0 0 0 1 0 0
210 2 0 0 0 0 0 1 0 0
212 1 0 0 0 0 0 1 0 0
213 1 0 0 0 0 0 1 0 0
214 8 0 0 7 0 0 0 0 0
fl=/build/buildd/eglibc-2.11.1/elf/dl-fini.c
fn=_dl_fini
121 11 1 1 0 0 0 7 0 0
143 11 1 1 2 0 0 1 0 0
146 2 1 1 1 0 0 1 0 0
149 1 0 0 1 0 0 0 0 0
152 7 0 0 1 0 0 0 0 0
154 2 0 0 1 0 0 0 0 0
165 5 1 1 0 0 0 1 0 0
167 2 1 1 0 0 0 0 0 0
170 8 1 1 1 0 0 1 0 0
181 36 0 0 11 0 0 0 0 0
183 22 0 0 11 0 0 0 0 0
185 22 0 0 0 0 0 0 0 0
187 33 0 0 11 0 0 11 0 0
188 11 0 0 0 0 0 11 0 0
189 11 0 0 0 0 0 0 0 0
193 11 1 1 11 0 0 0 0 0
195 2 0 0 0 0 0 0 0 0
199 2 0 0 0 0 0 0 0 0
201 6 0 0 3 0 0 1 0 0
210 6 1 1 2 0 0 2 0 0
214 45 1 1 12 0 0 0 0 0
216 22 0 0 22 0 0 0 0 0
218 33 0 0 11 0 0 0 0 0
221 22 0 0 0 0 0 11 0 0
224 33 1 1 11 0 0 0 0 0
225 20 1 1 10 0 0 0 0 0
228 20 0 0 10 0 0 0 0 0
235 20 0 0 0 0 0 0 0 0
239 4 0 0 2 0 0 1 0 0
241 3 0 0 2 0 0 0 0 0
242 8 0 0 1 0 0 0 0 0
243 4 0 0 2 0 0 2 0 0
247 30 1 1 10 0 0 0 0 0
248 27 0 0 18 0 0 9 0 0
253 55 0 0 11 0 0 0 0 0
269 11 0 0 11 0 0 0 0 0
274 5 0 0 1 0 0 0 0 0
280 2 0 0 1 0 0 0 0 0
287 8 0 0 7 0 0 0 0 0
fn=_dl_sort_fini
34 11 1 1 0 0 0 7 0 0
35 2 0 0 0 0 0 0 0 0
37 1 0 0 1 0 0 0 0 0
39 32 0 0 10 0 0 0 0 0
42 50 1 1 20 0 0 0 0 0
46 264 0 0 71 0 0 3 0 0
47 100 0 0 18 0 0 0 0 0
51 290 1 1 67 0 0 27 0 0
53 147 1 1 98 0 0 0 0 0
54 107 0 0 0 0 0 0 0 0
56 572 0 0 143 0 0 0 0 0
57 214 0 0 0 0 0 0 0 0
62 52 1 1 8 0 0 20 0 0
64 8 0 0 4 0 0 4 0 0
66 20 1 1 16 0 0 0 0 0
75 8 1 1 8 0 0 0 0 0
77 4 0 0 0 0 0 0 0 0
80 103 0 0 0 0 0 0 0 0
83 147 1 1 49 0 0 0 0 0
115 8 0 0 7 0 0 0 0 0
fl=/build/buildd/eglibc-2.11.1/elf/dl-init.c
fn=_dl_init
37 37 1 1 12 0 0 0 0 0
43 22 0 0 0 0 0 11 0 0
46 48 0 0 22 0 0 0 0 0
51 30 2 2 10 0 0 0 0 0
52 2 1 1 1 0 0 0 0 0
56 18 0 0 9 0 0 0 0 0
64 18 0 0 0 0 0 0 0 0
70 56 0 0 19 0 0 10 0 0
74 9 0 0 9 0 0 0 0 0
75 18 1 1 0 0 0 0 0 0
93 11 1 1 0 0 0 6 0 0
94 1 1 1 1 0 0 0 0 0
95 1 0 0 1 0 0 0 0 0
98 3 0 0 1 0 0 0 0 0
101 2 1 1 0 0 0 1 0 0
105 2 0 0 0 0 0 0 0 0
132 2 0 0 1 0 0 0 0 0
133 35 0 0 0 0 0 0 0 0
134 33 1 1 22 0 0 0 0 0
140 8 1 1 7 0 0 0 0 0
fl=/build/buildd/eglibc-2.11.1/elf/dl-load.c
fn=_dl_init_paths
622 9 1 1 0 0 0 7 0 0
637 6 1 1 2 0 0 2 0 0
641 4 0 0 0 0 0 2 0 0
643 2 0 0 0 0 0 0 0 0
650 7 1 1 1 0 0 0 0 0
654 3 0 0 0 0 0 2 0 0
657 3 0 0 2 0 0 0 0 0
663 1 0 0 0 0 0 1 0 0
664 2 0 0 1 0 0 1 0 0
672 8 0 0 0 0 0 4 0 0
674 8 1 1 0 0 0 4 0 0
675 4 0 0 0 0 0 4 3 3
677 4 0 0 0 0 0 4 0 0
678 8 0 0 4 1 1 4 1 1
679 4 0 0 0 0 0 0 0 0
682 61 1 1 4 2 2 0 0 0
683 101 1 1 1 0 0 0 0 0
684 26 2 2 0 0 0 16 1 1
686 36 1 1 7 0 0 6 0 0
692 1 0 0 0 0 0 1 1 1
693 1 0 0 0 0 0 1 0 0
697 1 0 0 1 0 0 0 0 0
698 2 0 0 0 0 0 0 0 0
700 4 0 0 1 0 0 0 0 0
702 3 1 1 1 0 0 0 0 0
716 1 0 0 0 0 0 1 0 0
718 3 1 1 1 0 0 0 0 0
729 2 1 1 0 0 0 1 0 0
734 6 1 1 3 0 0 0 0 0
742 5 0 0 0 0 0 1 0 0
744 11 1 1 2 0 0 2 0 0
761 50 1 1 16 0 0 0 0 0
763 14 0 0 0 0 0 0 0 0
764 28 0 0 0 0 0 0 0 0
765 14 0 0 0 0 0 0 0 0
768 2 0 0 0 0 0 2 0 0
770 2 0 0 0 0 0 0 0 0
776 7 0 0 1 0 0 1 0 0
780 3 1 1 2 0 0 0 0 0
786 1 0 0 0 0 0 1 0 0
792 2 0 0 1 0 0 1 0 0
793 8 0 0 7 0 0 0 0 0
fn=_dl_map_object
599 84 2 2 28 0 0 0 0 0
602 8 0 0 0 0 0 0 0 0
605 12 1 1 4 0 0 0 0 0
608 8 1 1 0 0 0 4 0 0
1958 299 1 1 0 0 0 184 4 4
1965 46 0 0 0 0 0 0 0 0
1966 46 0 0 23 0 0 0 0 0
1969 531 1 1 154 0 0 0 0 0
1974 435 1 1 145 0 0 0 0 0
1975 290 0 0 0 0 0 0 0 0
1977 725 0 0 0 0 0 145 5 5
1981 524 0 0 131 0 0 0 0 0
1982 131 1 1 131 0 0 0 0 0
1985 267 0 0 267 0 0 0 0 0
1987 623 1 1 89 0 0 178 1 1
2000 36 1 1 9 0 0 9 0 0
2001 9 0 0 0 0 0 0 0 0
2009 18 0 0 0 0 0 0 0 0
2010 9 1 1 9 0 0 0 0 0
2033 9 0 0 0 0 0 9 0 0
2035 45 0 0 0 0 0 9 0 0
2039 32 1 1 0 0 0 16 0 0
2041 16 1 1 8 0 0 0 0 0
2048 32 0 0 8 0 0 0 0 0
2052 16 0 0 8 0 0 8 0 0
2057 68 1 1 20 0 0 0 0 0
2058 26 2 2 8 0 0 0 0 0
2060 112 2 2 0 0 0 48 0 0
2072 40 0 0 16 0 0 0 0 0
2073 40 0 0 16 0 0 0 0 0
2083 24 0 0 8 0 0 0 0 0
2084 128 2 2 24 0 0 32 0 0
2090 34 2 2 8 0 0 0 0 0
2097 32 1 1 0 0 0 8 0 0
2103 24 0 0 0 0 0 8 0 0
2105 16 0 0 0 0 0 0 0 0
2109 24 0 0 16 0 0 0 0 0
2121 16 1 1 8 0 0 0 0 0
2143 80 0 0 8 0 0 16 0 0
2146 24 1 1 8 0 0 0 0 0
2148 32 0 0 0 0 0 24 0 0
2149 24 0 0 8 0 0 0 0 0
2168 16 0 0 8 0 0 0 0 0
2174 3 0 0 1 0 0 1 0 0
2175 3 0 0 0 0 0 1 0 0
2177 2 1 1 0 0 0 0 0 0
2181 10 0 0 1 0 0 1 0 0
2184 2 1 1 0 0 0 0 0 0
2195 27 0 0 0 0 0 0 0 0
2198 18 0 0 0 0 0 0 0 0
2239 18 0 0 9 0 0 9 1 1
2240 108 0 0 18 0 0 36 0 0
2242 207 0 0 161 0 0 0 0 0
fn=_dl_map_object_from_fd
839 126 1 1 0 0 0 81 1 1
850 36 0 0 9 0 0 18 1 1
854 54 1 1 9 0 0 9 0 0
865 225 0 0 72 0 0 0 0 0
866 243 1 1 126 2 2 0 0 0
883 18 1 1 9 0 0 0 0 0
905 27 0 0 9 0 0 0 0 0
914 18 1 1 9 0 0 0 0 0
918 18 0 0 0 0 0 9 0 0
935 36 0 0 18 0 0 0 0 0
966 27 0 0 0 0 0 9 0 0
969 72 1 1 36 0 0 9 0 0
970 18 0 0 0 0 0 0 0 0
981 18 0 0 9 0 0 9 3 3
982 36 1 1 18 0 0 18 0 0
983 18 1 1 9 0 0 9 0 0
985 36 0 0 9 0 0 0 0 0
986 36 0 0 18 0 0 0 0 0
987 18 0 0 0 0 0 0 0 0
992 9 1 1 0 0 0 9 0 0
1009 72 0 0 9 0 0 0 0 0
1017 657 2 2 9 0 0 0 0 0
1018 541 1 1 72 0 0 0 0 0
1024 27 0 0 9 0 0 9 0 0
1025 36 0 0 9 0 0 9 0 0
1029 12 0 0 4 0 0 4 0 0
1030 4 0 0 0 0 0 0 0 0
1035 90 2 2 36 0 0 0 0 0
1041 108 0 0 36 0 0 0 0 0
1049 72 0 0 18 0 0 0 0 0
1050 54 0 0 0 0 0 18 11 11
1051 126 1 1 54 0 0 18 0 0
1053 54 0 0 36 0 0 18 0 0
1054 54 0 0 36 0 0 18 0 0
1055 72 1 1 36 0 0 18 0 0
1059 81 0 0 9 0 0 9 0 0
1064 162 0 0 18 0 0 18 0 0
1075 18 0 0 0 0 0 0 0 0
1078 3 0 0 1 0 0 0 0 0
1082 1 1 1 0 0 0 1 1 1
1083 2 0 0 1 0 0 1 0 0
1084 3 0 0 1 0 0 0 0 0
1087 4 0 0 1 0 0 1 0 0
1088 2 0 0 1 0 0 1 0 0
1091 2 0 0 1 0 0 1 0 0
1095 4 1 1 1 0 0 0 0 0
1101 4 0 0 1 0 0 2 1 1
1102 1 0 0 0 0 0 0 0 0
1106 72 0 0 9 0 0 18 0 0
1156 18 1 1 9 0 0 9 0 0
1157 9 0 0 0 0 0 0 0 0
1160 27 1 1 9 0 0 9 3 3
1161 27 0 0 9 0 0 9 0 0
1165 36 0 0 9 0 0 0 0 0
1178 63 0 0 18 0 0 9 0 0
1180 18 0 0 9 0 0 0 0 0
1199 81 1 1 36 0 0 27 9 9
1203 27 0 0 9 0 0 0 0 0
1210 27 1 1 9 0 0 9 0 0
1211 18 0 0 9 0 0 9 0 0
1213 18 0 0 0 0 0 0 0 0
1219 72 1 1 18 0 0 9 0 0
1223 18 0 0 9 0 0 0 0 0
1246 99 0 0 9 0 0 0 0 0
1248 36 0 0 0 0 0 0 0 0
1250 108 1 1 54 0 0 9 0 0
1258 54 0 0 18 0 0 0 0 0
1259 27 0 0 18 0 0 9 0 0
1261 61 1 1 18 0 0 0 0 0
1263 25 2 2 25 0 0 0 0 0
1264 35 0 0 5 0 0 0 0 0
1266 20 1 1 0 0 0 5 0 0
1268 72 0 0 36 0 0 0 0 0
1274 18 0 0 9 0 0 0 0 0
1275 9 0 0 0 0 0 0 0 0
1276 45 0 0 9 0 0 0 0 0
1277 18 0 0 0 0 0 0 0 0
1284 18 1 1 0 0 0 0 0 0
1287 18 0 0 0 0 0 0 0 0
1298 72 0 0 0 0 0 36 0 0
1299 54 0 0 36 0 0 0 0 0
1304 18 0 0 0 0 0 0 0 0
1308 24 0 0 3 0 0 3 0 0
1311 6 0 0 0 0 0 0 0 0
1319 18 1 1 0 0 0 0 0 0
1323 27 0 0 9 0 0 0 0 0
1332 18 0 0 9 0 0 9 0 0
1338 27 0 0 9 0 0 0 0 0
1354 27 0 0 9 0 0 0 0 0
1373 18 1 1 9 0 0 9 0 0
1375 45 0 0 18 0 0 0 0 0
1377 8 2 2 2 0 0 1 0 0
1389 4 0 0 1 0 0 0 0 0
1410 1 0 0 1 0 0 0 0 0
1416 2 0 0 2 0 0 1 0 0
1417 3 1 1 0 0 0 0 0 0
1426 27 0 0 9 6 6 0 0 0
1427 2 0 0 1 0 0 1 0 0
1430 36 1 1 9 0 0 9 0 0
1438 18 0 0 9 0 0 0 0 0
1441 27 0 0 18 0 0 9 0 0
1443 18 0 0 9 0 0 0 0 0
1459 18 0 0 0 0 0 9 0 0
1463 18 0 0 9 0 0 0 0 0
1464 18 1 1 9 0 0 0 0 0
1481 18 0 0 9 3 3 0 0 0
1482 4 1 1 0 0 0 2 0 0
1485 18 0 0 9 0 0 9 0 0
1486 18 0 0 9 0 0 9 0 0
1490 18 0 0 9 0 0 0 0 0
1497 18 0 0 0 0 0 0 0 0
1498 9 1 1 9 0 0 0 0 0
1517 81 0 0 63 0 0 0 0 0
fn=expand_dynamic_string_token
161 3 1 1 0 0 0 1 0 0
162 2 0 0 0 0 0 1 0 0
164 2 0 0 0 0 0 0 0 0
167 4 1 1 0 0 0 0 0 0
314 9 1 1 0 0 0 6 0 0
324 5 0 0 0 0 0 1 0 0
339 7 0 0 6 0 0 0 0 0
fn=fillin_rpath
384 16 1 1 0 0 0 10 0 0
388 12 1 1 2 0 0 2 0 0
391 3 0 0 0 0 0 1 0 0
395 2 0 0 0 0 0 0 0 0
402 4 1 1 1 0 0 0 0 0
407 3 1 1 0 0 0 1 0 0
410 2 0 0 0 0 0 0 0 0
439 15 1 1 5 0 0 0 0 0
440 8 0 0 4 0 0 0 0 0
458 3 0 0 1 0 0 1 0 0
461 5 1 1 2 0 0 1 0 0
464 2 0 0 0 0 0 0 0 0
468 3 1 1 1 0 0 1 1 1
470 5 0 0 0 0 0 3 0 0
471 2 0 0 1 0 0 1 0 0
473 2 0 0 1 0 0 0 0 0
479 4 0 0 1 0 0 0 0 0
480 39 2 2 1 0 0 0 0 0
481 6 1 1 0 0 0 4 0 0
483 2 0 0 1 0 0 1 1 1
484 2 1 1 1 0 0 0 0 0
489 2 2 2 0 0 0 1 0 0
491 2 0 0 1 0 0 1 0 0
492 1 0 0 0 0 0 1 0 0
495 3 1 1 0 0 0 1 0 0
500 1 0 0 0 0 0 1 0 0
503 9 0 0 7 0 0 0 0 0
fn=local_strdup
160 32 2 2 0 0 0 16 0 0
161 16 0 0 0 0 0 8 0 0
162 16 0 0 0 0 0 8 0 0
164 16 0 0 0 0 0 0 0 0
167 32 0 0 0 0 0 0 0 0
168 24 0 0 16 0 0 0 0 0
fn=open_path
1809 112 2 2 0 0 0 96 1 1
1810 16 0 0 8 0 0 8 0 0
1816 24 0 0 0 0 0 0 0 0
1821 96 1 1 24 0 0 16 0 0
1833 24 1 1 8 0 0 8 0 0
1840 40 0 0 24 0 0 16 1 1
1841 223 0 0 15 0 0 0 0 0
1844 64 1 1 32 0 0 0 0 0
1847 11 0 0 11 0 0 0 0 0
1848 121 1 1 66 0 0 22 0 0
1854 22 0 0 11 0 0 0 0 0
1857 88 0 0 55 0 0 11 0 0
1859 33 1 1 11 0 0 0 0 0
1861 8 1 1 0 0 0 0 0 0
1866 8 1 1 4 0 0 0 0 0
1867 32 1 1 16 0 0 0 0 0
1873 36 0 0 8 0 0 12 0 0
1875 8 0 0 0 0 0 0 0 0
1876 20 1 1 9 0 0 4 0 0
1878 6 0 0 0 0 0 3 0 0
1880 3 1 1 0 0 0 1 0 0
1885 48 0 0 4 0 0 0 0 0
1887 21 0 0 0 0 0 0 0 0
1896 24 0 0 0 0 0 8 0 0
1926 48 0 0 8 0 0 0 0 0
1931 8 0 0 8 0 0 0 0 0
1933 40 0 0 24 0 0 0 0 0
1936 24 0 0 8 0 0 0 0 0
1946 20 0 0 0 0 0 0 0 0
1950 72 0 0 56 0 0 0 0 0
fn=open_verify
1565 280 1 1 0 0 0 180 5 5
1601 98 0 0 20 0 0 0 0 0
1622 100 1 1 20 0 0 20 2 2
1623 40 0 0 0 0 0 0 0 0
1633 9 0 0 0 0 0 9 0 0
1634 99 1 1 18 0 0 36 1 1
1641 36 0 0 18 0 0 0 0 0
1657 126 1 1 162 1 1 0 0 0
1707 18 0 0 9 0 0 0 0 0
1712 18 0 0 9 0 0 0 0 0
1714 27 0 0 9 0 0 0 0 0
1720 18 1 1 9 0 0 0 0 0
1727 45 0 0 9 0 0 0 0 0
1728 36 0 0 9 0 0 0 0 0
1729 9 0 0 0 0 0 0 0 0
1744 476 1 1 0 0 0 0 0 0
1745 163 1 1 77 6 6 0 0 0
1749 45 0 0 27 0 0 0 0 0
1750 27 0 0 0 0 0 0 0 0
1759 183 1 1 218 1 1 0 0 0
1764 63 0 0 18 0 0 0 0 0
1766 27 0 0 0 0 0 0 0 0
1771 4 0 0 0 0 0 0 0 0
1772 4 0 0 0 0 0 0 0 0
1775 8 0 0 0 0 0 0 0 0
1778 4 0 0 4 0 0 0 0 0
1779 4 0 0 4 0 0 0 0 0
1780 4 0 0 4 0 0 0 0 0
1781 56 0 0 4 0 0 0 0 0
1782 4 0 0 4 0 0 0 0 0
1795 190 2 2 145 0 0 0 0 0
fl=/build/buildd/eglibc-2.11.1/elf/dl-lookup.c
fn=_dl_lookup_symbol_x
459 260370 1 1 61220 690 690 0 0 0
460 290610 0 0 0 0 0 0 0 0
698 43372 1 1 0 0 0 27882 0 0
700 6196 0 0 0 0 0 3098 0 0
701 6196 0 0 0 0 0 6196 0 0
704 3098 1 1 3098 0 0 0 0 0
708 6470 0 0 137 0 0 0 0 0
713 15490 1 1 9294 0 0 3098 0 0
719 31065 0 0 9311 0 0 6196 0 0
721 46470 2 2 21686 0 0 21686 0 0
724 6196 0 0 0 0 0 0 0 0
727 34 0 0 0 0 0 0 0 0
752 6196 0 0 0 0 0 0 0 0
754 119 1 1 34 0 0 0 0 0
771 34 0 0 0 0 0 17 0 0
772 17 0 0 0 0 0 0 0 0
775 9243 0 0 3081 0 0 0 0 0
776 18486 1 1 6162 0 0 0 0 0
811 12324 0 0 3081 0 0 0 0 0
825 9243 0 0 3081 0 0 0 0 0
826 2 1 1 0 0 0 1 0 0
828 9243 0 0 3081 0 0 0 0 0
833 3081 0 0 0 0 0 3081 0 0
834 3081 0 0 3081 0 0 0 0 0
835 24784 1 1 21686 0 0 0 0 0
962 3081 0 0 3081 0 0 0 0 0
fn=_dl_setup_hash
843 11 1 1 0 0 0 0 0 0
847 33 0 0 11 0 0 0 0 0
852 11 0 0 11 0 0 0 0 0
855 22 0 0 11 10 10 11 1 1
856 11 0 0 11 0 0 0 0 0
857 11 0 0 11 2 2 0 0 0
859 33 0 0 0 0 0 0 0 0
860 11 0 0 0 0 0 11 0 0
861 33 0 0 11 0 0 11 0 0
863 11 1 1 0 0 0 11 0 0
864 33 0 0 0 0 0 0 0 0
866 11 0 0 0 0 0 11 0 0
868 66 0 0 0 0 0 11 0 0
881 22 0 0 11 0 0 0 0 0
fn=check_match.12168
132 18486 1 1 0 0 0 12324 0 0
133 6162 0 0 3081 954 954 0 0 0
135 12318 1 1 3078 143 143 0 0 0
137 15405 0 0 6162 0 0 0 0 0
147 9243 1 1 3081 0 0 3081 0 0
150 18442 1 1 9221 0 0 3070 0 0
154 6162 0 0 6162 0 0 0 0 0
155 9243 0 0 3081 0 0 0 0 0
157 274 0 0 0 0 0 0 0 0
176 274 0 0 274 15 15 0 0 0
177 1233 1 1 274 0 0 0 0 0
178 548 0 0 411 0 0 137 0 0
205 8832 1 1 0 0 0 0 0 0
207 35328 0 0 8832 118 118 0 0 0
223 21567 0 0 15405 0 0 0 0 0
fn=do_lookup_x
77 30980 1 1 12392 0 0 18588 0 0
82 37176 1 1 6196 0 0 18588 0 0
83 3098 0 0 3098 0 0 0 0 0
95 9916 0 0 0 0 0 9916 0 0
96 9916 0 0 0 0 0 9916 0 0
98 29748 0 0 19832 0 0 9916 0 0
101 19832 1 1 0 0 0 0 0 0
105 19832 0 0 9916 0 0 0 0 0
109 19832 0 0 9916 0 0 0 0 0
113 19832 0 0 9916 0 0 0 0 0
120 29748 1 1 9916 0 0 0 0 0
124 29748 0 0 19832 0 0 9916 0 0
125 29748 0 0 19832 0 0 9916 0 0
226 19832 0 0 19832 0 0 0 0 0
227 19832 0 0 0 0 0 0 0 0
230 12392 1 1 3098 0 0 0 0 0
231 29748 0 0 19832 167 167 0 0 0
234 125188 1 1 9916 0 0 0 0 0
241 19320 2 2 9660 189 189 0 0 0
242 6440 0 0 0 0 0 0 0 0
244 22484 0 0 3212 0 0 0 0 0
247 30815 1 1 6163 309 309 0 0 0
249 18486 1 1 6162 0 0 3081 0 0
250 27729 0 0 6162 0 0 15405 0 0
251 18486 0 0 12324 0 0 0 0 0
254 9115 0 0 0 0 0 0 0 0
258 6835 0 0 0 0 0 6835 0 0
272 6196 0 0 0 0 0 3098 0 0
282 13670 1 1 6835 0 0 0 0 0
287 24588 0 0 3081 0 0 0 0 0
291 6207 1 1 15 0 0 3081 0 0
296 524 2 2 0 0 0 0 0 0
304 3081 0 0 0 0 0 3081 0 0
305 9243 0 0 3081 0 0 3081 0 0
306 3081 0 0 0 0 0 0 0 0
444 24082 0 0 7855 0 0 0 0 0
445 2439 1 1 1079 0 0 1360 0 0
448 27357 0 0 0 0 0 0 0 0
452 24784 1 1 21686 0 0 0 0 0
fl=/build/buildd/eglibc-2.11.1/elf/dl-minimal.c
fn=__libc_memalign
53 224 1 1 0 0 0 112 1 1
54 223 0 0 111 0 0 0 0 0
59 5 0 0 0 0 0 1 0 0
60 2 1 1 1 0 0 0 0 0
65 224 1 1 0 0 0 56 0 0
68 368 0 0 0 0 0 0 0 0
72 24 0 0 6 0 0 0 0 0
73 18 1 1 0 0 0 0 0 0
79 42 0 0 0 0 0 6 0 0
81 12 0 0 0 0 0 0 0 0
84 18 0 0 12 0 0 0 0 0
85 24 0 0 0 0 0 6 0 0
88 56 0 0 0 0 0 56 0 0
89 56 0 0 0 0 0 56 0 0
91 224 0 0 168 0 0 0 0 0
fn=calloc
108 44 0 0 0 0 0 0 0 0
111 110 1 1 0 0 0 0 0 0
115 44 0 0 0 0 0 0 0 0
fn=malloc
96 165 1 1 0 0 0 0 0 0
fn=strsep
320 4 1 1 0 0 0 0 0 0
323 12 0 0 4 0 0 0 0 0
325 4 0 0 4 0 0 0 0 0
326 8 0 0 0 0 0 0 0 0
330 378 0 0 63 0 0 0 0 0
335 244 0 0 0 0 0 0 0 0
337 488 0 0 122 0 0 0 0 0
345 61 1 1 0 0 0 0 0 0
348 2 0 0 0 0 0 2 0 0
352 8 0 0 4 0 0 0 0 0
fl=/build/buildd/eglibc-2.11.1/elf/dl-misc.c
fn=_dl_name_match_p
301 3005 1 1 0 0 0 1202 0 0
302 2404 0 0 601 0 0 601 1 1
305 601 0 0 601 0 0 0 0 0
307 3591 0 0 0 0 0 0 0 0
308 3130 1 1 626 0 0 626 0 0
311 596 0 0 596 0 0 0 0 0
314 2404 0 0 1803 0 0 0 0 0
fn=_dl_sysdep_read_whole_file
44 7 1 1 0 0 0 4 0 0
47 4 1 1 0 0 0 1 0 0
48 3 0 0 0 0 0 0 0 0
50 6 0 0 0 0 0 1 0 0
52 2 0 0 1 0 0 1 0 0
55 2 0 0 0 0 0 0 0 0
57 9 2 2 0 0 0 1 0 0
68 2 0 0 0 0 0 1 0 0
71 7 0 0 5 0 0 0 0 0
fl=/build/buildd/eglibc-2.11.1/elf/dl-object.c
fn=_dl_new_object
34 5 0 0 0 0 0 0 0 0
36 130 2 2 0 0 0 90 1 1
39 30 0 0 0 0 0 10 0 0
45 10 0 0 10 0 0 0 0 0
46 120 2 2 10 0 0 0 0 0
52 50 1 1 0 0 0 20 0 0
55 30 0 0 10 0 0 0 0 0
58 10 0 0 0 0 0 10 9 9
59 20 1 1 0 0 0 10 10 10
62 20 0 0 0 0 0 10 1 1
64 50 0 0 10 0 0 30 3 3
66 20 0 0 10 0 0 10 0 0
68 10 0 0 0 0 0 10 1 1
69 60 0 0 20 10 10 10 0 0
72 20 1 1 10 0 0 0 0 0
73 20 1 1 0 0 0 10 10 10
74 10 0 0 0 0 0 10 3 3
78 10 0 0 0 0 0 10 0 0
81 52 1 1 0 0 0 0 0 0
83 32 0 0 0 0 0 16 4 4
93 20 0 0 0 0 0 10 2 2
94 10 0 0 0 0 0 10 10 10
99 69 0 0 10 1 1 0 0 0
102 216 0 0 54 0 0 0 0 0
104 9 0 0 0 0 0 9 0 0
106 9 0 0 0 0 0 9 0 0
109 72 0 0 18 0 0 9 2 2
112 5 0 0 0 0 0 1 0 0
113 30 1 1 10 0 0 0 0 0
114 20 0 0 10 1 1 10 0 0
115 20 0 0 0 0 0 10 0 0
118 21 0 0 0 0 0 0 0 0
122 44 0 0 13 0 0 0 0 0
126 67 0 0 9 0 0 0 0 0
134 1 1 1 0 0 0 1 0 0
137 20 1 1 0 0 0 10 0 0
140 30 0 0 10 0 0 0 0 0
142 36 0 0 0 0 0 18 0 0
146 18 0 0 0 0 0 0 0 0
150 27 1 1 0 0 0 9 0 0
151 36 0 0 0 0 0 0 0 0
196 36 0 0 9 0 0 9 0 0
201 148 0 0 0 0 0 0 0 0
202 435 0 0 148 0 0 0 0 0
204 18 1 1 0 0 0 0 0 0
207 18 0 0 0 0 0 9 0 0
210 9 0 0 0 0 0 9 2 2
212 6 0 0 2 0 0 0 0 0
217 90 0 0 70 0 0 0 0 0
fl=/build/buildd/eglibc-2.11.1/elf/dl-reloc.c
fn=_dl_protect_relro
334 22 0 0 0 0 0 11 0 0
335 22 0 0 22 0 0 0 0 0
336 44 1 1 11 0 0 0 0 0
338 22 1 1 11 0 0 0 0 0
340 44 0 0 0 0 0 0 0 0
341 33 0 0 0 0 0 11 0 0
347 33 0 0 22 0 0 0 0 0
fn=_dl_relocate_object
156 22 0 0 0 0 0 11 0 0
158 121 2 2 0 0 0 88 0 0
168 22 0 0 0 0 0 0 0 0
172 22 0 0 0 0 0 0 0 0
173 55 0 0 11 0 0 11 0 0
179 22 0 0 11 0 0 0 0 0
185 33 0 0 11 0 0 0 0 0
186 33 1 1 22 0 0 0 0 0
189 22 0 0 11 0 0 0 0 0
197 33 1 1 11 0 0 11 0 0
242 33 0 0 22 0 0 11 0 0
268 507 5 5 219 0 0 119 0 0
271 33 0 0 11 0 0 0 0 0
311 11 0 0 11 0 0 0 0 0
314 22 0 0 11 0 0 0 0 0
327 22 0 0 11 0 0 0 0 0
328 33 0 0 0 0 0 11 0 0
329 88 0 0 77 0 0 0 0 0
fl=/build/buildd/eglibc-2.11.1/elf/dl-tls.c
fn=_dl_add_to_slotinfo
820 4 1 1 0 0 0 3 0 0
826 2 1 1 1 0 0 0 0 0
829 1 0 0 1 0 0 0 0 0
834 3 0 0 1 0 0 0 0 0
875 3 0 0 0 0 0 1 0 0
876 3 2 2 1 0 0 1 0 0
877 4 0 0 4 0 0 0 0 0
fn=_dl_allocate_tls_init
380 8 1 1 0 0 0 7 0 0
381 2 0 0 0 0 0 0 0 0
385 1 0 0 1 0 0 0 0 0
393 6 1 1 2 0 0 2 0 0
398 10 0 0 3 0 0 0 0 0
404 15 1 1 3 0 0 0 0 0
407 1 1 1 1 0 0 0 0 0
408 2 0 0 0 0 0 0 0 0
414 3 0 0 1 0 0 0 0 0
416 3 0 0 1 0 0 0 0 0
426 2 0 0 1 0 0 0 0 0
427 3 1 1 2 0 0 0 0 0
429 2 0 0 0 0 0 0 0 0
430 3 0 0 1 0 0 0 0 0
438 3 0 0 0 0 0 1 1 1
439 3 1 1 1 0 0 1 0 0
440 12 0 0 6 0 0 2 0 0
454 1 1 1 0 0 0 1 0 0
457 9 1 1 8 0 0 0 0 0
fn=_dl_allocate_tls_storage
299 2 0 0 1 0 0 0 0 0
300 3 0 0 0 0 0 1 0 0
301 2 0 0 0 0 0 0 0 0
304 1 0 0 0 0 0 1 0 0
310 2 0 0 0 0 0 1 0 0
332 3 1 1 0 0 0 3 0 0
334 1 0 0 1 0 0 0 0 0
345 4 0 0 1 0 0 1 0 0
346 2 1 1 0 0 0 0 0 0
353 1 0 0 0 0 0 0 0 0
357 307 1 1 0 0 0 288 37 37
374 5 0 0 4 0 0 0 0 0
fn=_dl_determine_tlsoffset
116 7 1 1 0 0 0 6 0 0
122 3 0 0 1 0 0 0 0 0
125 2 1 1 1 0 0 0 0 0
161 8 1 1 2 0 0 0 0 0
163 9 0 0 1 0 0 0 0 0
166 5 1 1 2 0 0 0 0 0
168 2 0 0 0 0 0 0 0 0
170 5 0 0 1 0 0 0 0 0
182 2 0 0 0 0 0 0 0 0
186 5 1 1 0 0 0 0 0 0
188 4 0 0 0 0 0 0 0 0
198 2 0 0 0 0 0 1 0 0
201 1 0 0 0 0 0 1 0 0
202 5 0 0 0 0 0 1 0 0
253 1 0 0 0 0 0 1 0 0
254 8 0 0 7 0 0 0 0 0
fn=_dl_get_tls_static_info
324 2 0 0 1 0 0 1 0 0
325 2 0 0 1 0 0 1 0 0
326 1 0 0 1 0 0 0 0 0
fn=_dl_next_tls_modid
54 1 1 1 0 0 0 0 0 0
57 3 0 0 2 0 0 0 0 0
105 2 0 0 0 0 0 1 0 0
109 2 0 0 1 0 0 0 0 0
fl=/build/buildd/eglibc-2.11.1/elf/dl-tsd.c
fn=__libc_dl_error_tsd
51 2 1 1 2 0 0 0 0 0
54 1 0 0 1 0 0 0 0 0
fl=/build/buildd/eglibc-2.11.1/elf/dl-version.c
fn=_dl_check_all_versions
383 7 1 1 0 0 0 4 0 0
387 38 0 0 11 0 0 0 0 0
388 88 0 0 11 0 0 0 0 0
389 44 1 1 0 0 0 11 0 0
392 7 0 0 5 0 0 0 0 0
fn=_dl_check_map_versions
62 344 1 1 48 0 0 0 0 0
63 100 0 0 100 0 0 0 0 0
64 580 1 1 0 0 0 116 0 0
180 121 2 2 0 0 0 88 0 0
195 33 0 0 11 0 0 0 0 0
197 22 0 0 11 0 0 11 0 0
199 22 1 1 11 0 0 11 0 0
200 22 0 0 11 0 0 11 0 0
202 22 0 0 0 0 0 0 0 0
205 36 0 0 18 0 0 9 0 0
209 27 0 0 18 7 7 0 0 0
219 27 0 0 0 0 0 0 0 0
226 48 0 0 32 0 0 16 0 0
230 32 0 0 0 0 0 0 0 0
234 48 0 0 16 0 0 0 0 0
239 64 0 0 32 1 1 0 0 0
243 593 2 2 314 10 10 62 0 0
254 93 0 0 31 0 0 0 0 0
259 30 0 0 0 0 0 0 0 0
263 64 0 0 32 0 0 0 0 0
268 21 0 0 0 0 0 7 0 0
269 11 0 0 0 0 0 0 0 0
277 22 1 1 11 0 0 0 0 0
280 248 0 0 76 6 6 0 0 0
286 165 0 0 55 1 1 0 0 0
290 96 0 0 0 0 0 0 0 0
294 22 1 1 0 0 0 0 0 0
299 50 0 0 0 0 0 20 0 0
300 10 1 1 0 0 0 0 0 0
301 20 0 0 0 0 0 0 0 0
309 10 0 0 0 0 0 10 0 0
312 30 1 1 20 0 0 10 0 0
314 20 0 0 10 0 0 0 0 0
317 45 0 0 36 0 0 0 0 0
321 32 0 0 16 0 0 0 0 0
325 204 1 1 71 0 0 31 17 17
326 109 0 0 31 0 0 31 0 0
327 93 0 0 31 0 0 31 2 2
328 93 0 0 31 0 0 31 2 2
330 93 0 0 31 0 0 0 0 0
335 30 1 1 0 0 0 0 0 0
338 48 1 1 16 0 0 0 0 0
343 21 0 0 7 0 0 0 0 0
344 7 0 0 0 0 0 0 0 0
348 20 0 0 10 0 0 0 0 0
351 35 0 0 28 0 0 0 0 0
355 55 0 0 55 0 0 0 0 0
357 110 1 1 55 0 0 0 0 0
362 336 0 0 144 0 0 48 13 13
363 192 0 0 48 0 0 48 0 0
364 48 0 0 0 0 0 48 4 4
367 172 1 1 55 0 0 0 0 0
371 96 0 0 0 0 0 0 0 0
377 99 0 0 77 0 0 0 0 0
fn=match_symbol
82 403 1 1 0 0 0 217 0 0
83 62 0 0 62 0 0 0 0 0
91 62 0 0 31 0 0 0 0 0
97 93 0 0 31 0 0 0 0 0
112 31 0 0 31 0 0 0 0 0
113 62 0 0 0 0 0 0 0 0
115 31 0 0 31 0 0 0 0 0
120 322 0 0 161 11 11 0 0 0
134 322 1 1 161 5 5 0 0 0
139 279 1 1 93 1 1 62 0 0
146 390 0 0 130 6 6 0 0 0
150 260 0 0 0 0 0 0 0 0
173 31 0 0 0 0 0 0 0 0
174 217 1 1 217 0 0 0 0 0
fl=/build/buildd/eglibc-2.11.1/elf/do-rel.h
fn=_dl_relocate_object
57 22 0 0 0 0 0 0 0 0
58 22 0 0 0 0 0 0 0 0
59 22 0 0 22 0 0 0 0 0
65 44 0 0 0 0 0 0 0 0
68 16340 0 0 0 0 0 0 0 0
75 33 1 1 22 0 0 11 0 0
76 11 0 0 11 0 0 0 0 0
77 113 1 1 10 0 0 0 0 0
79 11 0 0 0 0 0 0 0 0
91 33 0 0 0 0 0 0 0 0
101 22 0 0 1 1 1 0 0 0
104 5559 1 1 0 0 0 0 0 0
105 1843 0 0 1843 1 1 0 0 0
111 33 1 1 11 0 0 0 0 0
115 20 0 0 10 0 0 10 0 0
117 11469 1 1 3813 0 0 0 0 0
119 19065 1 1 11439 1123 1123 0 0 0
120 28203 0 0 7626 0 0 3813 0 0
122 7626 0 0 7626 0 0 0 0 0
127 15 2 2 3 0 0 2 0 0
128 21 0 0 6 1 1 3 0 0
129 6 0 0 6 0 0 0 0 0
fn=_dl_start
75 2 0 0 2 0 0 0 0 0
76 1 0 0 1 0 0 0 0 0
77 2 0 0 0 0 0 0 0 0
79 8 0 0 1 0 0 0 0 0
104 45 0 0 0 0 0 0 0 0
105 14 0 0 14 0 0 0 0 0
109 2 0 0 1 0 0 0 0 0
117 27 0 0 0 0 0 0 0 0
120 32 1 1 8 2 2 0 0 0
122 8 0 0 8 0 0 0 0 0
fl=/build/buildd/eglibc-2.11.1/elf/dynamic-link.h
fn=_dl_map_object_from_fd
113 18 1 1 0 0 0 0 0 0
117 9 0 0 0 0 0 0 0 0
119 663 0 0 221 61 61 0 0 0
121 424 1 1 0 0 0 0 0 0
126 237 0 0 0 0 0 0 0 0
127 162 0 0 0 0 0 48 21 21
128 36 1 1 0 0 0 0 0 0
129 155 0 0 0 0 0 155 29 29
131 45 0 0 0 0 0 0 0 0
132 9 0 0 0 0 0 0 0 0
134 45 0 0 0 0 0 0 0 0
135 45 0 0 0 0 0 9 1 1
137 212 0 0 0 0 0 0 0 0
144 27 1 1 9 0 0 0 0 0
164 36 0 0 18 0 0 0 0 0
165 36 0 0 18 0 0 0 0 0
166 36 0 0 18 0 0 0 0 0
167 36 0 0 18 0 0 0 0 0
169 36 1 1 18 0 0 0 0 0
174 36 0 0 18 0 0 0 0 0
175 35 0 0 17 1 1 0 0 0
176 36 0 0 18 0 0 0 0 0
182 27 1 1 9 0 0 0 0 0
187 18 0 0 9 0 0 0 0 0
194 18 0 0 9 0 0 0 0 0
195 36 0 0 18 0 0 0 0 0
211 27 0 0 9 5 5 0 0 0
216 6 0 0 2 0 0 2 1 1
218 4 0 0 0 0 0 0 0 0
220 4 0 0 0 0 0 0 0 0
222 4 0 0 0 0 0 0 0 0
225 27 1 1 9 0 0 0 0 0
227 6 0 0 3 0 0 3 0 0
229 6 1 1 0 0 0 0 0 0
232 18 0 0 9 0 0 0 0 0
fn=_dl_start
119 58 0 0 20 5 5 0 0 0
121 36 0 0 0 0 0 0 0 0
122 14 0 0 0 0 0 13 3 3
126 21 1 1 0 0 0 0 0 0
127 14 0 0 0 0 0 4 2 2
128 4 2 2 0 0 0 0 0 0
131 5 1 1 0 0 0 0 0 0
132 1 0 0 0 0 0 0 0 0
134 5 1 1 0 0 0 0 0 0
135 5 1 1 0 0 0 1 1 1
137 18 0 0 0 0 0 0 0 0
144 2 0 0 0 0 0 0 0 0
164 4 0 0 2 0 0 0 0 0
165 4 1 1 2 0 0 0 0 0
166 4 0 0 2 0 0 0 0 0
167 4 0 0 2 0 0 0 0 0
169 4 0 0 2 0 0 0 0 0
174 4 1 1 2 0 0 0 0 0
175 4 0 0 2 0 0 0 0 0
176 4 0 0 2 0 0 0 0 0
182 3 0 0 1 0 0 0 0 0
187 2 1 1 1 0 0 0 0 0
194 3 0 0 1 0 0 0 0 0
195 3 0 0 2 0 0 0 0 0
203 3 0 0 1 0 0 0 0 0
205 3 1 1 1 1 1 0 0 0
208 2 0 0 1 0 0 0 0 0
209 2 0 0 1 0 0 0 0 0
fn=dl_main
104 1 0 0 1 0 0 0 0 0
113 2 0 0 0 0 0 0 0 0
117 1 0 0 0 0 0 0 0 0
119 72 0 0 24 0 0 0 0 0
121 46 1 1 0 0 0 0 0 0
126 17 0 0 0 0 0 0 0 0
127 11 0 0 0 0 0 3 3 3
128 4 1 1 0 0 0 0 0 0
129 19 0 0 0 0 0 19 3 3
131 5 3 3 0 0 0 0 0 0
132 1 0 0 0 0 0 0 0 0
134 5 0 0 0 0 0 0 0 0
135 5 0 0 0 0 0 1 0 0
137 23 0 0 0 0 0 0 0 0
144 3 0 0 1 0 0 0 0 0
182 3 1 1 1 0 0 0 0 0
187 2 0 0 1 0 0 0 0 0
194 2 0 0 1 0 0 0 0 0
195 3 0 0 2 0 0 0 0 0
211 3 1 1 1 0 0 0 0 0
225 3 1 1 1 0 0 0 0 0
232 2 0 0 1 0 0 0 0 0
fl=/build/buildd/eglibc-2.11.1/elf/rtld.c
fn=_dl_initial_error_catch_tsd
794 50 1 1 25 0 0 0 0 0
fn=_dl_start
286 69 3 3 1 0 0 1 0 0
298 2 0 0 0 0 0 1 0 0
299 2 1 1 0 0 0 1 0 0
300 2 0 0 0 0 0 1 0 0
301 2 0 0 0 0 0 1 0 0
302 2 0 0 0 0 0 1 1 1
323 5 0 0 0 0 0 1 0 0
327 1 0 0 0 0 0 1 1 1
333 4 0 0 0 0 0 1 0 0
342 1 0 0 0 0 0 0 0 0
345 1 0 0 1 0 0 0 0 0
349 2 0 0 1 0 0 0 0 0
363 9 1 1 0 0 0 6 1 1
381 5 0 0 0 0 0 1 1 1
407 1 0 0 0 0 0 1 1 1
410 3 0 0 1 1 1 1 1 1
538 2 0 0 0 0 0 0 0 0
543 14 2 2 7 0 0 0 0 0
545 1 1 1 1 1 1 0 0 0
570 9 0 0 7 0 0 0 0 0
fn=dl_main
885 11 2 2 0 0 0 8 1 1
904 2 0 0 0 0 0 1 0 0
907 2 0 0 0 0 0 1 1 1
911 2 0 0 0 0 0 1 0 0
912 2 0 0 0 0 0 1 0 0
917 2 0 0 0 0 0 1 1 1
920 2 1 1 0 0 0 1 1 1
927 4 0 0 2 0 0 0 0 0
1088 8 1 1 0 0 0 1 0 0
1090 2 0 0 0 0 0 0 0 0
1091 2 1 1 1 0 0 0 0 0
1092 1 0 0 0 0 0 1 0 0
1093 2 0 0 1 0 0 1 0 0
1094 4 0 0 2 0 0 1 0 0
1115 1 0 0 0 0 0 1 1 1
1116 1 0 0 0 0 0 1 0 0
1118 1 0 0 0 0 0 1 0 0
1120 1 1 1 1 0 0 0 0 0
1123 44 0 0 1 0 0 0 0 0
1124 74 2 2 9 0 0 0 0 0
1128 3 1 1 1 0 0 1 0 0
1129 1 0 0 0 0 0 0 0 0
1133 3 1 1 2 0 0 1 0 0
1134 1 0 0 0 0 0 0 0 0
1142 3 1 1 2 0 0 1 1 1
1145 2 0 0 0 0 0 1 0 0
1152 3 0 0 1 0 0 0 0 0
1178 10 1 1 4 0 0 0 0 0
1179 2 0 0 2 0 0 0 0 0
1180 4 0 0 2 0 0 0 0 0
1181 2 0 0 1 0 0 1 0 0
1184 4 0 0 2 0 0 0 0 0
1185 4 0 0 2 0 0 0 0 0
1186 2 0 0 0 0 0 2 0 0
1187 6 0 0 3 0 0 0 0 0
1188 2 0 0 0 0 0 1 0 0
1215 2 0 0 1 0 0 1 0 0
1216 1 0 0 0 0 0 0 0 0
1219 2 1 1 1 0 0 1 1 1
1220 5 1 1 1 0 0 1 0 0
1226 3 0 0 1 0 0 0 0 0
1229 2 0 0 1 0 0 0 0 0
1231 2 1 1 1 0 0 0 0 0
1233 3 0 0 1 0 0 0 0 0
1246 5 0 0 1 0 0 0 0 0
1247 6 1 1 4 0 0 1 0 0
1252 1 0 0 0 0 0 1 0 0
1254 1 0 0 0 0 0 1 0 0
1255 1 0 0 0 0 0 1 0 0
1257 3 0 0 2 0 0 0 0 0
1258 2 1 1 0 0 0 1 0 0
1262 2 0 0 1 0 0 0 0 0
1264 2 0 0 0 0 0 0 0 0
1269 2 0 0 0 0 0 1 0 0
1272 2 1 1 1 0 0 0 0 0
1292 4 0 0 1 0 0 1 0 0
1381 9 1 1 1 0 0 2 0 0
1386 2 1 1 1 0 0 1 0 0
1389 4 0 0 1 0 0 2 0 0
1391 1 0 0 0 0 0 1 0 0
1396 2 0 0 1 0 0 0 0 0
1399 4 2 2 2 0 0 1 0 0
1400 4 0 0 1 0 0 1 0 0
1401 2 1 1 0 0 0 1 0 0
1402 1 0 0 0 0 0 1 0 0
1403 1 0 0 1 0 0 0 0 0
1404 1 0 0 1 0 0 0 0 0
1409 2 0 0 1 0 0 0 0 0
1410 4 0 0 1 0 0 1 0 0
1414 1 0 0 1 0 0 0 0 0
1415 2 1 1 1 0 0 0 0 0
1417 1 0 0 0 0 0 1 0 0
1418 2 0 0 1 1 1 1 0 0
1422 3 0 0 1 0 0 0 0 0
1423 4 0 0 0 0 0 0 0 0
1424 4 0 0 1 1 1 0 0 0
1426 2 1 1 1 0 0 1 1 1
1427 2 0 0 1 0 0 1 0 0
1432 2 0 0 1 1 1 0 0 0
1437 4 0 0 1 0 0 0 0 0
1618 3 0 0 1 0 0 0 0 0
1621 2 1 1 1 0 0 1 0 0
1625 3 0 0 1 0 0 0 0 0
1630 2 0 0 1 0 0 1 0 0
1631 1 0 0 0 0 0 1 0 0
1635 3 0 0 1 0 0 0 0 0
1650 3 1 1 2 0 0 0 0 0
1654 4 0 0 1 0 0 0 0 0
1661 60 2 2 48 0 0 2 0 0
1664 4 0 0 0 0 0 2 0 0
1667 12 1 1 0 0 0 2 0 0
1668 4 0 0 2 0 0 0 0 0
1671 6 0 0 0 0 0 1 0 0
1673 1 0 0 0 0 0 0 0 0
1675 12 1 1 3 0 0 1 0 0
1685 5 0 0 0 0 0 1 0 0
1762 4 1 1 2 0 0 0 0 0
1766 9 2 2 0 0 0 0 0 0
1770 3 0 0 0 0 0 1 0 0
1771 1 0 0 1 0 0 0 0 0
1772 2 0 0 0 0 0 0 0 0
1773 3 0 0 0 0 0 0 0 0
1779 3 0 0 0 0 0 0 0 0
1780 7 0 0 1 0 0 1 0 0
1781 1 0 0 0 0 0 0 0 0
1783 9 1 1 1 0 0 1 0 0
1786 27 1 1 2 0 0 0 0 0
1787 45 0 0 23 0 0 0 0 0
1790 3 0 0 2 0 0 1 0 0
1791 3 0 0 1 0 0 0 0 0
1792 1 0 0 0 0 0 1 0 0
1794 29 0 0 0 0 0 0 0 0
1795 54 2 2 11 0 0 0 0 0
1807 2 1 1 1 0 0 1 0 0
1808 2 0 0 1 0 0 0 0 0
1810 5 0 0 1 0 0 1 0 0
1814 2 0 0 0 0 0 0 0 0
1815 1 0 0 1 0 0 0 0 0
1826 3 2 2 1 0 0 0 0 0
1828 3 0 0 0 0 0 0 0 0
1829 2 0 0 0 0 0 1 0 0
1830 4 0 0 1 0 0 1 0 0
1841 4 1 1 1 0 0 1 0 0
1842 4 0 0 1 0 0 1 0 0
1843 4 1 1 0 0 0 1 0 0
1853 2 0 0 1 0 0 1 0 0
1854 2 0 0 0 0 0 0 0 0
1855 3 1 1 0 0 0 1 0 0
1857 2 0 0 1 0 0 0 0 0
1860 1 0 0 0 0 0 1 0 0
1862 2 0 0 1 0 0 0 0 0
2091 3 1 1 1 1 1 0 0 0
2147 2 1 1 0 0 0 1 0 0
2151 4 1 1 2 0 0 2 0 0
2199 3 0 0 1 0 0 0 0 0
2206 2 0 0 1 0 0 0 0 0
2209 45 0 0 11 0 0 0 0 0
2212 4 1 1 0 0 0 1 0 0
2218 22 0 0 22 0 0 0 0 0
2220 24 0 0 0 0 0 0 0 0
2222 1 1 1 0 0 0 1 0 0
2223 1 0 0 1 0 0 0 0 0
2226 33 0 0 0 0 0 0 0 0
2227 70 0 0 20 0 0 10 0 0
2231 24 1 1 12 0 0 0 0 0
2232 3 0 0 0 0 0 1 0 0
2234 11 0 0 11 0 0 0 0 0
2236 22 0 0 0 0 0 0 0 0
2237 1 1 1 0 0 0 0 0 0
2239 8 0 0 1 0 0 1 0 0
2245 2 1 1 1 0 0 0 0 0
2254 4 0 0 2 0 0 0 0 0
2255 1 0 0 1 0 0 0 0 0
2260 2 0 0 0 0 0 1 0 0
2264 2 1 1 1 0 0 0 0 0
2272 4 0 0 1 0 0 0 0 0
2287 3 0 0 0 0 0 0 0 0
2289 1 0 0 1 0 0 0 0 0
2290 5 1 1 1 0 0 1 0 0
2291 1 0 0 0 0 0 0 0 0
2293 9 0 0 1 0 0 1 0 0
2301 1 0 0 0 0 0 1 0 0
2305 3 1 1 1 0 0 0 0 0
2325 3 0 0 0 0 0 1 0 0
2326 1 0 0 0 0 0 1 0 0
2327 1 0 0 0 0 0 1 0 0
2331 1 0 0 0 0 0 1 0 0
2336 8 0 0 7 0 0 0 0 0
fn=do_preload
800 6 1 1 0 0 0 3 0 0
802 1 0 0 0 0 0 1 0 0
806 1 0 0 0 0 0 1 0 0
807 1 1 1 0 0 0 1 0 0
808 1 0 0 0 0 0 1 0 0
810 1 0 0 1 0 0 0 0 0
812 6 0 0 0 0 0 1 0 0
813 2 0 0 1 0 0 0 0 0
815 3 1 1 1 0 0 0 0 0
827 5 0 0 4 0 0 0 0 0
fn=init_tls
718 1 0 0 0 0 0 1 0 0
720 2 1 1 1 0 0 1 0 0
724 2 0 0 1 0 0 0 0 0
730 1 0 0 0 0 0 0 0 0
733 5 0 0 0 0 0 2 0 0
740 1 0 0 0 0 0 1 0 0
741 1 0 0 0 0 0 1 0 0
745 2 1 1 1 1 1 0 0 0
747 28 0 0 1 0 0 0 0 0
748 11 0 0 11 0 0 0 0 0
749 22 0 0 11 0 0 0 0 0
753 3 0 0 0 0 0 1 0 0
755 1 0 0 0 0 0 0 0 0
757 2 1 1 1 0 0 0 0 0
760 1 0 0 0 0 0 1 0 0
767 2 0 0 0 0 0 1 0 0
768 2 0 0 0 0 0 0 0 0
774 2 0 0 1 0 0 1 0 0
778 7 0 0 0 0 0 2 0 0
780 1 1 1 0 0 0 0 0 0
781 1 1 1 0 0 0 1 0 0
783 1 0 0 0 0 0 0 0 0
784 3 0 0 2 0 0 0 0 0
fn=map_doit
626 2 1 1 0 0 0 1 0 0
628 8 0 0 3 0 0 2 0 0
630 2 0 0 2 0 0 0 0 0
fn=process_envvars
2492 10 1 1 0 0 0 7 1 1
2493 2 0 0 1 0 0 1 0 0
2499 3 0 0 0 0 0 1 0 0
2500 5 1 1 1 0 0 0 0 0
2502 17 0 0 0 0 0 3 1 1
2506 101 1 1 21 1 1 0 0 0
2507 19 0 0 0 0 0 0 0 0
2515 13 0 0 2 1 1 0 0 0
2536 5 2 2 2 1 1 0 0 0
2543 12 0 0 14 1 1 0 0 0
2545 2 0 0 0 0 0 1 0 0
2546 1 0 0 0 0 0 0 0 0
2589 17 1 1 24 2 2 0 0 0
2591 2 1 1 0 0 0 1 0 0
2592 1 1 1 0 0 0 0 0 0
2660 2 0 0 1 0 0 1 1 1
2664 3 1 1 1 0 0 0 0 0
2694 2 0 0 0 0 0 0 0 0
2715 8 0 0 7 0 0 0 0 0
fn=security_init
847 4 1 1 0 0 0 3 0 0
849 1 0 0 1 0 0 0 0 0
851 1 0 0 0 0 0 1 0 0
857 3 0 0 1 0 0 0 0 0
859 1 1 1 1 0 0 0 0 0
862 1 0 0 0 0 0 1 0 0
864 1 0 0 0 0 0 1 0 0
870 1 0 0 0 0 0 1 0 0
871 5 0 0 4 0 0 0 0 0
fn=version_check_doit
658 2 1 1 0 0 0 1 0 0
660 2 0 0 0 0 0 0 0 0
661 4 0 0 2 0 0 1 0 0
664 2 0 0 2 0 0 0 0 0
fl=/build/buildd/eglibc-2.11.1/elf/soinit.c
fn=__libc_fini
19 3 0 0 1 0 0 0 0 0
36 1 0 0 0 0 0 1 0 0
39 2 1 1 2 0 0 0 0 0
fn=__libc_global_ctors
19 13 1 1 3 0 0 0 0 0
20 2 0 0 0 0 0 2 0 0
26 1 0 0 0 0 0 1 0 0
29 2 0 0 2 0 0 0 0 0
fl=/build/buildd/eglibc-2.11.1/io/../sysdeps/posix/isatty.c
fn=isatty
26 3 1 1 0 0 0 0 0 0
29 15 1 1 0 0 0 3 0 0
30 6 0 0 3 0 0 0 0 0
fl=/build/buildd/eglibc-2.11.1/io/../sysdeps/unix/syscall-template.S
fn=__write_nocancel
82 10 1 1 2 0 0 0 0 0
fn=access
82 40 1 1 0 0 0 0 0 0
83 10 0 0 10 0 0 0 0 0
84 60 0 0 0 0 0 10 0 0
fn=close
82 40 0 0 0 0 0 0 0 0
83 10 0 0 10 0 0 0 0 0
fn=open
82 84 1 1 0 0 0 0 0 0
83 21 0 0 21 0 0 0 0 0
84 66 0 0 0 0 0 11 0 0
fn=read
82 36 1 1 0 0 0 0 0 0
83 9 0 0 9 0 0 0 0 0
fn=write
82 4 1 1 2 0 0 0 0 0
fl=/build/buildd/eglibc-2.11.1/io/../sysdeps/unix/sysv/linux/wordsize-64/fxstat.c
fn=_fxstat
36 14 0 0 0 0 0 0 0 0
37 28 2 2 0 0 0 0 0 0
38 84 1 1 0 0 0 0 0 0
42 14 0 0 14 0 0 0 0 0
fl=/build/buildd/eglibc-2.11.1/io/../sysdeps/unix/sysv/linux/wordsize-64/xstat.c
fn=_xstat
36 4 0 0 0 0 0 0 0 0
37 8 1 1 0 0 0 0 0 0
38 36 0 0 3 0 0 3 0 0
42 1 0 0 1 0 0 0 0 0
fl=/build/buildd/eglibc-2.11.1/libio/filedoalloc.c
fn=_IO_file_doallocate
88 4 1 1 0 0 0 2 0 0
103 8 1 1 3 0 0 1 0 0
105 4 0 0 1 0 0 0 0 0
108 9 0 0 0 0 0 0 0 0
110 1 1 1 1 0 0 0 0 0
113 1 0 0 1 0 0 0 0 0
116 3 1 1 1 0 0 0 0 0
117 3 0 0 0 0 0 0 0 0
120 9 1 1 0 0 0 1 0 0
121 5 0 0 0 0 0 1 0 0
123 4 0 0 3 0 0 0 0 0
fl=/build/buildd/eglibc-2.11.1/libio/fileops.c
fn=_IO_do_write@@GLIBC_2.2.5
501 24 2 2 0 0 0 12 0 0
502 13 0 0 0 0 0 0 0 0
504 18 0 0 15 0 0 0 0 0
515 6 1 1 2 0 0 0 0 0
522 8 0 0 4 0 0 0 0 0
530 12 1 1 4 0 0 2 0 0
531 10 1 1 2 0 0 0 0 0
534 8 0 0 2 0 0 6 0 0
535 4 0 0 0 0 0 4 0 0
536 12 1 1 4 0 0 2 0 0
fn=_IO_file_overflow@@GLIBC_2.2.5
837 144 2 2 0 0 0 72 0 0
838 72 0 0 24 0 0 0 0 0
845 140 0 0 46 0 0 0 0 0
848 2 1 1 1 0 0 0 0 0
850 2 1 1 0 0 0 1 0 0
851 6 1 1 2 0 0 3 0 0
860 3 1 1 1 0 0 0 0 0
869 2 0 0 1 0 0 0 0 0
871 1 0 0 0 0 0 1 0 0
872 1 0 0 0 0 0 1 0 0
873 2 0 0 1 0 0 1 0 0
874 3 0 0 1 0 0 2 0 0
876 2 0 0 0 0 0 1 0 0
877 5 1 1 1 0 0 0 0 0
878 4 0 0 0 0 0 1 0 0
880 48 0 0 0 0 0 0 0 0
881 6 1 1 0 0 0 0 0 0
883 44 0 0 22 0 0 0 0 0
886 66 0 0 0 0 0 44 0 0
887 113 0 0 22 0 0 0 0 0
889 5 0 0 0 0 0 1 0 0
890 1 0 0 1 0 0 0 0 0
892 22 0 0 0 0 0 0 0 0
893 118 0 0 94 0 0 0 0 0
fn=_IO_file_setbuf@@GLIBC_2.2.5
453 2 1 1 0 0 0 1 0 0
454 3 0 0 0 0 0 1 0 0
457 3 0 0 0 0 0 3 0 0
458 1 1 1 1 0 0 0 0 0
459 3 0 0 0 0 0 3 0 0
462 3 0 0 2 0 0 0 0 0
fn=_IO_file_stat
1233 1 1 1 0 0 0 0 0 0
1235 3 0 0 1 0 0 0 0 0
fn=_IO_file_sync@@GLIBC_2.2.5
899 2 1 1 0 0 0 1 0 0
904 4 1 1 2 0 0 0 0 0
906 1 0 0 1 0 0 0 0 0
907 2 0 0 1 0 0 0 0 0
924 2 0 0 0 0 0 1 0 0
928 2 0 0 2 0 0 0 0 0
fn=_IO_file_write@@GLIBC_2.2.5
1269 16 2 2 0 0 0 8 0 0
1271 12 0 0 0 0 0 0 0 0
1273 4 0 0 2 0 0 0 0 0
1276 8 0 0 2 0 0 2 0 0
1277 4 0 0 0 0 0 0 0 0
1282 2 0 0 0 0 0 0 0 0
1283 6 1 1 0 0 0 0 0 0
1286 6 0 0 2 0 0 0 0 0
1289 12 0 0 10 0 0 0 0 0
fn=_IO_file_xsputn@@GLIBC_2.2.5
1292 99 2 2 0 0 0 0 0 0
1296 110 2 2 0 0 0 66 0 0
1297 10 0 0 0 0 0 0 0 0
1302 33 0 0 0 0 0 0 0 0
1309 40 0 0 10 0 0 0 0 0
1311 27 0 0 18 0 0 0 0 0
1312 36 0 0 0 0 0 0 0 0
1315 59 0 0 0 0 0 0 0 0
1317 59 1 1 17 1 1 0 0 0
1319 4 0 0 0 0 0 0 0 0
1321 1 0 0 0 0 0 0 0 0
1326 5 1 1 2 0 0 0 0 0
1330 47 2 2 0 0 0 0 0 0
1334 18 0 0 0 0 0 0 0 0
1348 52 0 0 0 0 0 0 0 0
1349 68 0 0 17 0 0 17 0 0
1350 18 0 0 0 0 0 9 0 0
1352 27 0 0 0 0 0 0 0 0
1354 27 0 0 0 0 0 0 0 0
1358 12 0 0 4 0 0 2 0 0
1365 4 0 0 4 0 0 0 0 0
1366 12 1 1 0 0 0 0 0 0
1368 6 0 0 0 0 0 0 0 0
1379 4 0 0 0 0 0 0 0 0
1380 6 0 0 0 0 0 1 0 0
1382 20 1 1 0 0 0 0 0 0
1383 88 1 1 77 0 0 0 0 0
fl=/build/buildd/eglibc-2.11.1/libio/genops.c
fn=_IO_cleanup
951 12 0 0 4 0 0 0 0 0
953 21 1 1 4 0 0 0 0 0
962 15 1 1 6 0 0 2 0 0
969 5 0 0 2 0 0 0 0 0
971 2 1 1 0 0 0 1 0 0
973 2 0 0 1 0 0 1 0 0
974 1 0 0 0 0 0 1 0 0
975 2 0 0 1 0 0 1 0 0
976 4 1 1 1 0 0 1 0 0
979 5 0 0 2 0 0 1 0 0
981 2 0 0 0 0 0 0 0 0
982 12 1 1 4 0 0 2 0 0
987 3 1 1 0 0 0 3 0 0
1007 5 1 1 0 0 0 5 0 0
1010 3 0 0 0 0 0 1 0 0
1022 7 0 0 6 0 0 0 0 0
fn=_IO_default_setbuf
562 7 2 2 0 0 0 3 0 0
563 4 0 0 2 0 0 1 0 0
565 2 0 0 0 0 0 0 0 0
567 1 0 0 1 0 0 0 0 0
568 5 0 0 0 0 0 1 0 0
575 3 1 1 0 0 0 3 0 0
576 3 0 0 0 0 0 3 0 0
578 6 0 0 4 0 0 0 0 0
fn=_IO_default_xsputn
452 7 1 1 0 0 0 5 0 0
453 2 0 0 0 0 0 0 0 0
455 4 0 0 0 0 0 0 0 0
460 52 1 1 26 0 0 0 0 0
485 110 1 1 36 0 0 12 0 0
487 12 0 0 0 0 0 0 0 0
488 12 0 0 0 0 0 0 0 0
489 2 1 1 0 0 0 0 0 0
490 6 0 0 6 0 0 0 0 0
fn=_IO_doallocbuf
419 2 1 1 0 0 0 1 0 0
420 2 0 0 1 0 0 0 0 0
422 2 0 0 1 0 0 0 0 0
423 5 0 0 2 0 0 1 0 0
426 2 0 0 2 0 0 0 0 0
fn=_IO_flush_all_lockp
823 8 1 1 0 0 0 6 0 0
829 11 2 2 3 0 0 1 0 0
830 2 1 1 0 0 0 0 0 0
834 2 0 0 1 0 0 0 0 0
835 1 1 1 1 0 0 0 0 0
836 13 0 0 0 0 0 0 0 0
838 3 1 1 0 0 0 3 0 0
842 21 2 2 9 2 2 0 0 0
854 3 0 0 0 0 0 3 0 0
856 6 0 0 0 0 0 0 0 0
863 6 0 0 3 0 0 0 0 0
869 8 1 1 2 0 0 1 0 0
873 9 0 0 7 0 0 0 0 0
fn=_IO_setb
404 10 1 1 0 0 0 4 0 0
405 8 0 0 3 0 0 0 0 0
407 2 0 0 0 0 0 2 0 0
408 2 0 0 0 0 0 2 0 0
409 4 0 0 0 0 0 0 0 0
410 2 1 1 1 0 0 0 0 0
412 1 0 0 1 0 0 0 0 0
413 8 0 0 6 0 0 0 0 0
fn=__overflow
246 30 1 1 10 0 0 0 0 0
248 30 0 0 20 0 0 0 0 0
fl=/build/buildd/eglibc-2.11.1/libio/iopadn.c
fn=_IO_padn
41 9 1 1 0 0 0 6 0 0
48 3 0 0 0 0 0 0 0 0
58 6 1 1 0 0 0 0 0 0
66 2 1 1 0 0 0 0 0 0
68 5 0 0 2 0 0 1 0 0
69 1 0 0 0 0 0 0 0 0
71 1 0 0 0 0 0 0 0 0
72 9 0 0 7 0 0 0 0 0
fl=/build/buildd/eglibc-2.11.1/libio/ioputs.c
fn=puts
35 5 1 1 0 0 0 3 0 0
37 2 0 0 0 0 0 1 0 0
38 18 1 1 10 2 2 1 0 0
40 8 0 0 1 0 0 0 0 0
41 4 1 1 1 0 0 1 0 0
43 10 2 2 4 0 0 2 0 0
44 6 1 1 0 0 0 0 0 0
48 6 0 0 4 0 0 0 0 0
fl=/build/buildd/eglibc-2.11.1/libio/libioP.h
fn=puts
984 2 1 1 1 0 0 0 0 0
985 11 0 0 4 0 0 2 0 0
fl=/build/buildd/eglibc-2.11.1/malloc/arena.c
fn=ptmalloc_init
380 159 0 0 53 0 0 0 0 0
382 114 1 1 56 0 0 0 0 0
398 52 0 0 0 0 0 0 0 0
410 1 0 0 0 0 0 1 1 1
412 1 0 0 0 0 0 1 0 0
413 1 0 0 0 0 0 1 0 0
414 1 0 0 0 0 0 1 0 0
415 2 1 1 0 0 0 2 0 0
467 5 1 1 0 0 0 4 0 0
475 3 0 0 1 0 0 0 0 0
476 1 1 1 0 0 0 1 0 0
510 1 0 0 0 0 0 1 1 1
511 2 0 0 0 0 0 1 1 1
519 4 0 0 1 0 0 0 0 0
521 8 1 1 2 0 0 1 0 0
525 1 0 0 0 0 0 1 1 1
527 3 1 1 1 0 0 1 0 0
528 12 1 1 2 0 0 6 1 1
539 2 0 0 2 0 0 0 0 0
541 6 1 1 2 0 0 0 0 0
622 2 0 0 0 0 0 0 0 0
627 2 0 0 2 1 1 0 0 0
628 2 1 1 0 0 0 0 0 0
630 1 0 0 0 0 0 1 0 0
631 6 0 0 5 0 0 0 0 0
fl=/build/buildd/eglibc-2.11.1/malloc/hooks.c
fn=malloc_hook_ini
35 2 0 0 0 0 0 1 0 0
36 2 1 1 1 0 0 1 0 0
37 1 0 0 0 0 0 1 0 0
38 2 0 0 0 0 0 0 0 0
39 1 0 0 1 0 0 0 0 0
fl=/build/buildd/eglibc-2.11.1/malloc/malloc.c
fn=_int_free
4764 144 2 2 0 0 0 96 0 0
4779 48 0 0 16 0 0 0 0 0
4785 96 0 0 0 0 0 0 0 0
4798 32 1 1 0 0 0 0 0 0
4811 32 0 0 16 0 0 0 0 0
4822 30 0 0 0 0 0 0 0 0
4823 10 1 1 10 0 0 0 0 0
4824 20 0 0 10 0 0 0 0 0
4851 30 0 0 10 0 0 0 0 0
4854 10 0 0 10 0 0 0 0 0
4855 20 1 1 0 0 0 0 0 0
4875 30 0 0 10 0 0 0 0 0
4881 10 0 0 0 0 0 10 0 0
4882 10 0 0 0 0 0 10 0 0
4890 12 0 0 0 0 0 0 0 0
4907 6 0 0 0 0 0 0 0 0
4911 18 0 0 6 0 0 0 0 0
4917 12 0 0 6 0 0 0 0 0
4919 36 1 1 6 0 0 0 0 0
4925 18 1 1 6 0 0 0 0 0
4931 6 0 0 0 0 0 0 0 0
4932 12 0 0 0 0 0 0 0 0
4933 12 0 0 6 0 0 0 0 0
4939 18 0 0 6 0 0 0 0 0
4943 12 0 0 0 0 0 0 0 0
4950 12 1 1 6 0 0 0 0 0
4952 12 1 1 6 0 0 0 0 0
4956 20 0 0 10 0 0 4 0 0
4957 4 1 1 0 0 0 0 0 0
4959 4 0 0 4 0 0 0 0 0
4967 6 0 0 0 0 0 0 0 0
4968 6 0 0 6 0 0 0 0 0
4969 12 0 0 6 0 0 0 0 0
4974 6 0 0 0 0 0 6 0 0
4975 6 0 0 0 0 0 6 0 0
4976 12 0 0 0 0 0 0 0 0
4981 6 1 1 0 0 0 6 0 0
4982 6 0 0 0 0 0 6 0 0
4984 18 0 0 0 0 0 6 0 0
4985 6 0 0 0 0 0 6 0 0
5015 12 0 0 0 0 0 0 0 0
5055 128 1 1 112 0 0 0 0 0
fn=_int_malloc
2990 30 1 1 6 0 0 6 0 0
3003 27 0 0 16 0 0 0 0 0
3017 25 0 0 5 0 0 0 0 0
3024 10 0 0 0 0 0 0 0 0
3026 40 1 1 0 0 0 5 0 0
3028 10 0 0 0 0 0 0 0 0
3042 15 0 0 0 0 0 0 0 0
3055 15 1 1 0 0 0 5 5 5
3060 25 1 1 10 0 0 5 0 0
3061 5 0 0 0 0 0 5 0 0
3063 10 0 0 5 0 0 5 0 0
3064 10 0 0 5 0 0 0 0 0
3065 5 0 0 0 0 0 5 0 0
3074 12 1 1 0 0 0 1 0 0
3084 2 1 1 0 0 0 1 0 0
3093 5 2 2 0 0 0 1 0 0
3103 3 0 0 1 0 0 0 0 0
3107 3 1 1 0 0 0 0 0 0
3169 6 2 2 1 0 0 0 0 0
3188 7 0 0 2 0 0 1 0 0
3196 2 0 0 0 0 0 0 0 0
3197 6 1 1 2 0 0 3 0 0
3199 4 0 0 2 0 0 0 0 0
3201 2 0 0 2 0 0 0 0 0
3202 2 0 0 0 0 0 0 0 0
3224 2 2 2 1 0 0 0 0 0
3247 2 1 1 1 0 0 0 0 0
3248 1 0 0 0 0 0 1 0 0
3249 3 0 0 1 0 0 1 0 0
3255 2 0 0 1 0 0 0 0 0
3258 6 1 1 2 0 0 0 0 0
3289 2 1 1 0 0 0 0 0 0
3298 5 1 1 0 0 0 1 0 0
3317 1 0 0 0 0 0 0 0 0
3320 2 0 0 0 0 0 0 0 0
3321 3 1 1 2 0 0 0 0 0
3323 3 0 0 0 0 0 0 0 0
3324 4 0 0 2 0 0 2 0 0
3336 3 1 1 1 0 0 0 0 0
3341 2 0 0 2 0 0 0 0 0
3342 2 0 0 0 0 0 0 0 0
3360 2 0 0 1 0 0 1 0 0
3361 4 1 1 0 0 0 1 1 1
3362 1 0 0 1 0 0 0 0 0
3373 2 0 0 1 0 0 0 0 0
3418 3 2 2 2 0 0 0 0 0
3419 1 0 0 0 0 0 1 0 0
3427 4 0 0 2 0 0 0 0 0
3429 1 0 0 0 0 0 0 0 0
3430 1 0 0 0 0 0 1 0 0
3431 9 0 0 0 0 0 1 0 0
3432 3 0 0 0 0 0 1 1 1
3434 1 0 0 0 0 0 0 0 0
4249 189 2 2 0 0 0 126 0 0
4279 168 0 0 0 0 0 0 0 0
4287 42 1 1 21 0 0 0 0 0
4288 30 0 0 0 0 0 0 0 0
4289 20 0 0 0 0 0 0 0 0
4301 10 0 0 10 0 0 0 0 0
4303 20 0 0 0 0 0 0 0 0
4329 42 1 1 0 0 0 0 0 0
4330 48 0 0 0 0 0 16 0 0
4331 80 0 0 16 0 0 0 0 0
4333 48 1 1 16 1 1 0 0 0
4334 2 0 0 0 0 0 0 0 0
4335 7 2 2 2 0 0 3 0 0
4370 120 3 3 5 0 0 10 0 0
4371 15 0 0 5 0 0 0 0 0
4391 84 1 1 21 0 0 0 0 0
4407 42 0 0 0 0 0 21 0 0
4503 42 0 0 0 0 0 0 0 0
4519 42 1 1 0 0 0 0 0 0
4520 20 0 0 5 0 0 0 0 0
4523 15 0 0 5 0 0 0 0 0
4590 42 1 1 21 0 0 0 0 0
4591 63 0 0 0 0 0 0 0 0
4592 42 0 0 0 0 0 0 0 0
4593 42 0 0 21 0 0 0 0 0
4594 84 0 0 0 0 0 0 0 0
4599 84 0 0 0 0 0 0 0 0
4601 201 2 2 0 0 0 0 0 0
4603 184 0 0 46 0 0 0 0 0
4699 42 0 0 21 0 0 0 0 0
4700 63 0 0 21 0 0 0 0 0
4702 42 0 0 21 0 0 0 0 0
4704 15 0 0 0 0 0 0 0 0
4705 15 0 0 0 0 0 15 0 0
4706 165 2 2 0 0 0 15 0 0
4708 60 0 0 0 0 0 15 12 12
4711 15 0 0 0 0 0 0 0 0
4712 60 0 0 15 0 0 0 0 0
4735 12 0 0 6 0 0 0 0 0
4738 84 1 1 0 0 0 21 0 0
4747 42 0 0 6 0 0 0 0 0
4748 3 0 0 0 0 0 0 0 0
4752 189 1 1 147 0 0 0 0 0
fn=free
3531 10 0 0 5 0 0 0 0 0
3532 5 0 0 0 0 0 0 0 0
3538 30 1 1 5 0 0 0 0 0
3545 5 0 0 5 0 0 0 0 0
3546 5 0 0 5 0 0 0 0 0
3548 10 0 0 0 0 0 5 0 0
3551 10 0 0 0 0 0 0 0 0
3692 42 1 1 0 0 0 21 0 0
3697 42 0 0 42 0 0 0 0 0
3698 42 0 0 0 0 0 0 0 0
3703 42 0 0 0 0 0 0 0 0
3706 21 0 0 0 0 0 0 0 0
3709 63 0 0 21 0 0 0 0 0
3712 31 2 2 10 0 0 0 0 0
3716 2 0 0 0 0 0 1 0 0
3717 3 0 0 0 0 0 1 0 0
3724 48 1 1 0 0 0 0 0 0
3736 96 0 0 32 0 0 0 0 0
3738 48 0 0 0 0 0 16 0 0
3739 64 0 0 32 0 0 0 0 0
3741 63 0 0 42 0 0 0 0 0
fn=malloc
3615 132 1 1 0 0 0 88 0 0
3620 44 1 1 44 0 0 0 0 0
3621 44 0 0 0 0 0 0 0 0
3622 2 1 1 1 0 0 0 0 0
3624 42 0 0 42 0 0 0 0 0
3657 189 1 1 42 0 0 0 0 0
3660 84 0 0 0 0 0 21 0 0
3661 42 0 0 0 0 0 0 0 0
3681 84 0 0 42 0 0 0 0 0
3682 164 1 1 21 0 0 0 0 0
3685 152 2 2 109 0 0 0 0 0
fn=malloc_consolidate
2478 255 0 0 0 0 0 0 0 0
2479 3 1 1 0 0 0 0 0 0
2480 382 1 1 0 0 0 254 31 31
2484 3 0 0 0 0 0 0 0 0
2488 3 0 0 1 0 0 1 0 0
2489 2 0 0 0 0 0 1 0 0
2491 2 0 0 0 0 0 1 0 0
5072 2 0 0 0 0 0 0 0 0
5076 8 1 1 0 0 0 6 0 0
5098 2 0 0 1 0 0 0 0 0
5186 8 0 0 7 0 0 0 0 0
fl=/build/buildd/eglibc-2.11.1/malloc/morecore.c
fn=__default_morecore
48 2 1 1 0 0 0 0 0 0
49 2 0 0 0 0 0 2 0 0
50 6 0 0 0 0 0 0 0 0
53 4 0 0 2 0 0 0 0 0
fl=/build/buildd/eglibc-2.11.1/math/../sysdeps/ieee754/dbl-64/s_isinf.c
fn=isinf
23 8 1 1 2 0 0 2 0 0
24 8 0 0 0 0 0 0 0 0
25 14 0 0 0 0 0 0 0 0
27 2 0 0 2 0 0 0 0 0
fl=/build/buildd/eglibc-2.11.1/math/../sysdeps/ieee754/dbl-64/s_isnan.c
fn=isnan
33 8 1 1 2 0 0 2 0 0
35 20 0 0 0 0 0 0 0 0
38 2 0 0 2 0 0 0 0 0
fl=/build/buildd/eglibc-2.11.1/math/../sysdeps/x86_64/fpu/fedisblxcpt.c
fn=fedisableexcept
29 1 0 0 0 0 0 0 0 0
32 2 1 1 0 0 0 1 0 0
34 1 0 0 1 0 0 0 0 0
36 3 0 0 0 0 0 1 0 0
37 1 0 0 1 0 0 0 0 0
40 1 0 0 0 0 0 1 0 0
43 2 0 0 1 0 0 0 0 0
44 3 0 0 1 0 0 0 0 0
47 1 1 1 1 0 0 0 0 0
fl=/build/buildd/eglibc-2.11.1/misc/../sysdeps/unix/syscall-template.S
fn=???
83 3 0 0 3 0 0 0 0 0
84 18 1 1 3 0 0 3 0 0
fn=__lseek_nocancel
82 12 1 1 0 0 0 0 0 0
fn=lseek
82 6 1 1 3 0 0 0 0 0
fn=mmap
82 170 2 2 0 0 0 0 0 0
83 34 0 0 34 0 0 0 0 0
fn=mprotect
82 84 1 1 0 0 0 0 0 0
83 21 0 0 21 0 0 0 0 0
fn=munmap
82 24 0 0 0 0 0 0 0 0
83 6 0 0 6 0 0 0 0 0
fl=/build/buildd/eglibc-2.11.1/misc/../sysdeps/unix/sysv/linux/getpagesize.c
fn=getpagesize
29 10 1 1 4 0 0 0 0 0
44 2 0 0 2 0 0 0 0 0
fl=/build/buildd/eglibc-2.11.1/misc/../sysdeps/unix/sysv/linux/x86_64/brk.c
fn=brk
29 2 1 1 0 0 0 0 0 0
32 12 0 0 2 0 0 2 0 0
34 6 0 0 0 0 0 0 0 0
41 4 0 0 2 0 0 0 0 0
fl=/build/buildd/eglibc-2.11.1/misc/init-misc.c
fn=__init_misc
31 4 1 1 0 0 0 2 0 0
32 5 1 1 1 0 0 0 0 0
34 3 0 0 0 0 0 1 0 0
35 2 0 0 0 0 0 0 0 0
38 3 0 0 1 0 0 1 0 0
39 3 0 0 2 0 0 1 0 0
41 4 1 1 3 0 0 0 0 0
fl=/build/buildd/eglibc-2.11.1/misc/sbrk.c
fn=sbrk
35 10 1 1 0 0 0 6 0 0
43 11 0 0 5 0 0 0 0 0
44 7 2 2 1 0 0 1 0 0
47 4 0 0 0 0 0 0 0 0
51 9 0 0 0 0 0 0 0 0
54 1 0 0 0 0 0 1 0 0
58 12 0 0 8 0 0 0 0 0
fl=/build/buildd/eglibc-2.11.1/nptl/../nptl/sysdeps/pthread/list.h
fn=__pthread_initialize_minimal
49 2 0 0 0 0 0 1 0 0
50 1 0 0 0 0 0 1 0 0
51 1 1 1 0 0 0 1 0 0
52 1 0 0 0 0 0 1 1 1
fl=/build/buildd/eglibc-2.11.1/nptl/../nptl/sysdeps/unix/sysv/linux/libc_pthread_init.c
fn=__libc_pthread_init
43 2 1 1 0 0 0 1 0 0
45 1 0 0 0 0 0 1 1 1
48 5 0 0 0 0 0 1 0 0
65 3 0 0 0 0 0 0 0 0
67 159 0 0 0 0 0 0 0 0
69 53 0 0 53 0 0 0 0 0
70 106 1 1 53 0 0 0 0 0
71 53 0 0 0 0 0 53 6 6
73 1 0 0 0 0 0 1 1 1
79 3 0 0 2 0 0 0 0 0
fl=/build/buildd/eglibc-2.11.1/nptl/../nptl/sysdeps/unix/sysv/linux/register-atfork.c
fn=__linkin_atfork
117 1 1 1 1 0 0 0 0 0
118 3 0 0 0 0 0 1 0 0
119 4 0 0 2 0 0 0 0 0
120 1 0 0 1 0 0 0 0 0
fn=__register_atfork
53 4 0 0 1 1 1 0 0 0
72 4 0 0 0 0 0 0 0 0
73 2 1 1 0 0 0 1 0 0
74 1 0 0 0 0 0 1 0 0
87 7 1 1 0 0 0 3 0 0
89 10 1 1 2 2 2 0 0 0
93 3 0 0 0 0 0 0 0 0
96 1 0 0 0 0 0 1 0 0
97 3 0 0 0 0 0 1 0 0
98 2 0 0 0 0 0 1 0 0
99 1 0 0 0 0 0 1 0 0
105 4 1 1 2 0 0 0 0 0
107 3 0 0 0 0 0 0 0 0
108 5 0 0 4 0 0 0 0 0
117 1 0 0 1 0 0 0 0 0
118 5 0 0 0 0 0 1 0 0
119 4 1 1 2 0 0 0 0 0
fl=/build/buildd/eglibc-2.11.1/nptl/../nptl/sysdeps/unix/sysv/linux/unregister-atfork.c
fn=__unregister_atfork
29 24 1 1 0 0 0 8 0 0
37 8 0 0 8 0 0 0 0 0
40 64 1 1 0 0 0 0 0 0
41 56 0 0 16 0 0 0 0 0
46 16 0 0 16 0 0 0 0 0
122 16 0 0 16 0 0 0 0 0
fl=/build/buildd/eglibc-2.11.1/nptl/../sysdeps/unix/sysv/linux/bits/sigset.h
fn=__pthread_initialize_minimal
119 2 1 1 1 0 0 0 0 0
fl=/build/buildd/eglibc-2.11.1/nptl/../sysdeps/unix/sysv/linux/x86_64/sigaction.c
fn=__libc_sigaction
50 4 1 1 0 0 0 0 0 0
54 4 0 0 0 0 0 0 0 0
56 4 0 0 2 0 0 2 0 0
57 64 3 3 32 0 0 32 1 1
58 8 0 0 2 0 0 2 0 0
60 4 0 0 0 0 0 2 0 0
65 4 0 0 0 0 0 0 0 0
67 24 1 1 0 0 0 0 0 0
68 8 0 0 0 0 0 0 0 0
76 4 1 1 2 0 0 0 0 0
fl=/build/buildd/eglibc-2.11.1/nptl/cleanup_defer_compat.c
fn=_pthread_cleanup_pop_restore
66 2 0 0 0 0 0 0 0 0
69 4 1 1 2 0 0 2 0 0
72 6 0 0 2 0 0 0 0 0
95 4 0 0 0 0 0 0 0 0
97 4 0 0 2 0 0 0 0 0
fn=_pthread_cleanup_push_defer
31 2 1 1 0 0 0 2 0 0
32 2 0 0 0 0 0 2 0 0
33 4 0 0 2 0 0 2 0 0
35 2 0 0 2 0 0 0 0 0
38 4 1 1 0 0 0 0 0 0
53 6 0 0 0 0 0 2 0 0
57 2 0 0 0 0 0 2 0 0
58 2 0 0 2 0 0 0 0 0
fl=/build/buildd/eglibc-2.11.1/nptl/forward.c
fn=pthread_mutex_destroy
176 21 1 1 9 0 0 0 0 0
fn=pthread_mutex_lock
182 35 2 2 15 0 0 0 0 0
fn=pthread_mutex_unlock
184 35 0 0 15 0 0 0 0 0
fl=/build/buildd/eglibc-2.11.1/nptl/nptl-init.c
fn=__pthread_initialize_minimal
273 4 1 1 0 0 0 3 0 0
287 1 0 0 1 0 0 0 0 0
289 5 0 0 0 0 0 2 0 0
290 2 1 1 0 0 0 1 0 0
291 1 0 0 0 0 0 1 0 0
295 3 0 0 2 0 0 1 0 0
300 2 0 0 0 0 0 1 0 0
302 1 0 0 0 0 0 1 0 0
304 1 1 1 0 0 0 1 0 0
308 3 0 0 0 0 0 0 0 0
309 2 0 0 0 0 0 0 0 0
317 1 0 0 0 0 0 1 0 0
318 4 1 1 0 0 0 1 0 0
319 2 0 0 0 0 0 0 0 0
320 2 0 0 0 0 0 0 0 0
321 1 0 0 0 0 0 1 0 0
328 3 0 0 1 0 0 0 0 0
332 1 1 1 0 0 0 1 0 0
338 6 0 0 0 0 0 1 0 0
340 2 0 0 0 0 0 0 0 0
341 2 0 0 0 0 0 0 0 0
342 2 0 0 0 0 0 0 0 0
343 2 1 1 1 0 0 1 1 1
350 3 0 0 2 0 0 1 0 0
354 1 0 0 0 0 0 0 0 0
358 2 0 0 1 0 0 1 0 0
364 2 0 0 0 0 0 1 1 1
365 1 0 0 0 0 0 1 0 0
366 21 0 0 0 0 0 16 0 0
368 4 1 1 0 0 0 1 0 0
371 2 0 0 0 0 0 1 0 0
372 1 0 0 0 0 0 1 0 0
374 4 0 0 0 0 0 1 0 0
381 4 0 0 0 0 0 0 0 0
382 2 0 0 0 0 0 0 0 0
387 3 0 0 0 0 0 1 0 0
390 4 0 0 1 0 0 0 0 0
392 1 1 1 0 0 0 1 0 0
394 6 0 0 1 0 0 1 0 0
399 4 0 0 0 0 0 0 0 0
400 4 1 1 1 0 0 1 0 0
404 2 0 0 0 0 0 0 0 0
411 2 1 1 0 0 0 1 0 0
412 2 0 0 1 0 0 0 0 0
413 3 0 0 1 0 0 0 0 0
417 4 0 0 0 0 0 1 0 0
418 1 0 0 0 0 0 1 0 0
422 5 1 1 2 0 0 3 0 0
423 2 0 0 1 0 0 1 0 0
427 2 1 1 0 0 0 1 0 0
428 2 0 0 0 0 0 1 0 0
429 1 0 0 1 0 0 0 0 0
430 1 0 0 0 0 0 1 0 0
431 2 0 0 0 0 0 0 0 0
434 2 0 0 0 0 0 1 0 0
437 2 0 0 0 0 0 1 0 0
439 2 0 0 0 0 0 1 0 0
443 1 1 1 0 0 0 1 1 1
445 4 1 1 0 0 0 1 0 0
449 1 0 0 0 0 0 1 0 0
450 5 0 0 4 0 0 0 0 0
fl=/build/buildd/eglibc-2.11.1/nptl/pthread_mutex_destroy.c
fn=pthread_mutex_destroy
28 6 1 1 3 0 0 0 0 0
29 12 0 0 3 0 0 0 0 0
33 6 0 0 0 0 0 3 0 0
36 3 0 0 3 0 0 0 0 0
fl=/build/buildd/eglibc-2.11.1/nptl/pthread_mutex_lock.c
fn=pthread_mutex_lock
47 14 1 1 0 0 0 0 0 0
50 21 0 0 7 1 1 0 0 0
51 21 0 0 0 0 0 0 0 0
54 7 0 0 7 0 0 0 0 0
56 14 0 0 0 0 0 0 0 0
61 25 0 0 5 0 0 0 0 0
62 15 0 0 5 0 0 0 0 0
64 4 1 1 0 0 0 0 0 0
69 4 1 1 2 0 0 0 0 0
82 6 0 0 2 0 0 0 0 0
84 4 0 0 2 0 0 0 0 0
85 4 0 0 0 0 0 2 0 0
125 7 0 0 0 0 0 7 0 0
127 14 0 0 7 0 0 0 0 0
131 14 0 0 7 0 0 0 0 0
fl=/build/buildd/eglibc-2.11.1/nptl/pthread_mutex_unlock.c
fn=pthread_mutex_unlock
37 21 0 0 7 0 0 0 0 0
38 14 0 0 0 0 0 0 0 0
41 14 0 0 0 0 0 0 0 0
46 7 0 0 0 0 0 7 0 0
49 7 0 0 7 0 0 0 0 0
52 28 0 0 14 0 0 0 0 0
55 4 1 1 0 0 0 0 0 0
58 6 0 0 4 0 0 0 0 0
61 12 0 0 2 0 0 2 0 0
289 14 1 1 0 0 0 0 0 0
291 14 0 0 7 0 0 0 0 0
fl=/build/buildd/eglibc-2.11.1/posix/../sysdeps/posix/sysconf.c
fn=sysconf
54 7 1 1 1 1 1 0 0 0
215 3 1 1 0 0 0 1 0 0
637 1 1 1 0 0 0 0 0 0
fl=/build/buildd/eglibc-2.11.1/posix/../sysdeps/unix/syscall-template.S
fn=uname
82 4 1 1 0 0 0 0 0 0
83 1 0 0 1 0 0 0 0 0
fl=/build/buildd/eglibc-2.11.1/posix/../sysdeps/unix/sysv/linux/_exit.c
fn=_Exit
33 6 1 1 1 0 0 0 0 0
35 2 1 1 0 0 0 0 0 0
fl=/build/buildd/eglibc-2.11.1/posix/../sysdeps/unix/sysv/linux/x86_64/../sysconf.c
fn=sysconf
44 8 2 2 0 0 0 0 0 0
fl=/build/buildd/eglibc-2.11.1/posix/../sysdeps/unix/sysv/linux/x86_64/sysconf.c
fn=sysconf
33 5 1 1 0 0 0 3 0 0
34 3 0 0 0 0 0 0 0 0
38 5 0 0 4 0 0 0 0 0
fl=/build/buildd/eglibc-2.11.1/resource/../sysdeps/unix/syscall-template.S
fn=getrlimit
82 4 1 1 0 0 0 0 0 0
83 1 0 0 1 0 0 0 0 0
fl=/build/buildd/eglibc-2.11.1/rt/../sysdeps/unix/clock_gettime.c
fn=clock_gettime
94 36 1 1 0 0 0 18 0 0
97 12 0 0 0 0 0 0 0 0
116 78 2 2 18 0 0 0 0 0
135 30 0 0 24 0 0 0 0 0
fl=/build/buildd/eglibc-2.11.1/setjmp/../sysdeps/x86_64/bsd-_setjmp.S
fn=_setjmp
34 1 1 1 0 0 0 0 0 0
36 1 0 0 0 0 0 0 0 0
fl=/build/buildd/eglibc-2.11.1/setjmp/../sysdeps/x86_64/setjmp.S
fn=__sigsetjmp
26 24 2 2 0 0 0 24 0 0
28 24 0 0 0 0 0 0 0 0
29 48 1 1 24 0 0 0 0 0
30 24 0 0 0 0 0 24 0 0
34 24 0 0 0 0 0 24 0 0
35 24 0 0 0 0 0 24 1 1
36 24 1 1 0 0 0 24 0 0
37 24 0 0 0 0 0 24 0 0
38 24 0 0 0 0 0 0 0 0
40 48 0 0 24 0 0 0 0 0
42 24 0 0 0 0 0 24 0 0
43 24 0 0 24 0 0 0 0 0
45 48 0 0 24 0 0 0 0 0
47 24 1 1 0 0 0 24 0 0
51 23 0 0 0 0 0 0 0 0
52 23 0 0 23 0 0 0 0 0
56 1 0 0 0 0 0 0 0 0
fl=/build/buildd/eglibc-2.11.1/setjmp/sigjmp.c
fn=__sigjmp_save
29 2 0 0 0 0 0 1 0 0
30 4 0 0 0 0 0 1 0 0
35 3 0 0 2 0 0 0 0 0
fl=/build/buildd/eglibc-2.11.1/stdio-common/../include/ctype.h
fn=__printf_fp
47 8 1 1 4 0 0 0 0 0
48 7 1 1 4 0 0 1 0 0
fl=/build/buildd/eglibc-2.11.1/stdio-common/../nptl/sysdeps/pthread/allocalim.h
fn=__printf_fp
28 4 0 0 0 0 0 0 0 0
fl=/build/buildd/eglibc-2.11.1/stdio-common/_itoa.c
fn=_itoa_word
176 12 1 1 0 0 0 0 0 0
186 6 0 0 0 0 0 0 0 0
195 90 2 2 7 1 1 7 0 0
204 6 0 0 3 0 0 0 0 0
fl=/build/buildd/eglibc-2.11.1/stdio-common/printf-parse.h
fn=vfprintf
75 6 1 1 2 0 0 0 0 0
77 26 2 2 4 0 0 0 0 0
99 24 0 0 0 0 0 7 0 0
fl=/build/buildd/eglibc-2.11.1/stdio-common/printf.c
fn=printf
30 15 3 3 0 0 0 7 0 0
34 7 0 0 0 0 0 4 0 0
35 3 0 0 2 0 0 1 0 0
39 2 1 1 1 0 0 0 0 0
fl=/build/buildd/eglibc-2.11.1/stdio-common/printf_fp.c
fn=__printf_fp
163 20 1 1 0 0 0 12 0 0
196 2 1 1 0 0 0 2 0 0
198 2 0 0 0 0 0 2 0 0
220 12 0 0 2 0 0 2 0 0
279 4 0 0 0 0 0 0 0 0
281 12 1 1 8 0 0 4 0 0
282 2 0 0 2 0 0 0 0 0
305 6 0 0 2 0 0 0 0 0
338 6 1 1 0 0 0 4 0 0
354 4 0 0 0 0 0 0 0 0
401 4 1 1 4 0 0 0 0 0
404 16 1 1 4 0 0 6 0 0
419 16 1 1 4 0 0 6 0 0
435 22 2 2 0 0 0 6 0 0
439 4 0 0 0 0 0 0 0 0
464 8 2 2 6 0 0 0 0 0
475 20 1 1 2 0 0 0 0 0
479 12 1 1 0 0 0 2 0 0
480 8 0 0 0 0 0 2 0 0
481 8 0 0 0 0 0 2 0 0
487 2 0 0 0 0 0 2 0 0
488 4 0 0 0 0 0 0 0 0
494 4 0 0 0 0 0 1 0 0
497 3 0 0 0 0 0 0 0 0
505 17 2 2 2 0 0 2 0 0
508 10 0 0 3 0 0 1 0 0
509 2 1 1 0 0 0 0 0 0
510 5 0 0 3 0 0 1 0 0
512 4 2 2 1 0 0 0 0 0
517 13 1 1 0 0 0 0 0 0
521 52 0 0 13 5 5 0 0 0
523 2 0 0 0 0 0 0 0 0
546 1 0 0 1 0 0 0 0 0
547 8 1 1 3 0 0 2 0 0
553 8 0 0 0 0 0 2 0 0
562 12 1 1 4 0 0 2 0 0
565 5 0 0 2 0 0 2 0 0
566 4 1 1 3 0 0 0 0 0
567 4 0 0 0 0 0 0 0 0
568 5 0 0 1 0 0 0 0 0
571 24 0 0 12 0 0 0 0 0
573 26 0 0 0 0 0 0 0 0
574 2 1 1 1 0 0 1 0 0
580 7 1 1 2 0 0 0 0 0
584 12 1 1 4 0 0 0 0 0
588 1 1 1 1 0 0 0 0 0
590 3 0 0 0 0 0 0 0 0
604 2 1 1 0 0 0 0 0 0
616 3 1 1 2 0 0 0 0 0
619 6 1 1 0 0 0 0 0 0
635 8 1 1 0 0 0 4 0 0
637 1 0 0 0 0 0 0 0 0
650 2 0 0 1 0 0 0 0 0
651 8 1 1 5 0 0 1 0 0
654 9 0 0 4 0 0 1 0 0
659 2 0 0 0 0 0 0 0 0
828 4 0 0 1 0 0 1 0 0
829 4 0 0 3 0 0 1 0 0
830 1 0 0 0 0 0 1 0 0
834 4 0 0 2 0 0 2 0 0
844 8 0 0 4 1 1 2 0 0
846 4 0 0 0 0 0 0 0 0
856 4 0 0 2 0 0 0 0 0
858 2 1 1 0 0 0 2 0 0
859 10 0 0 2 0 0 2 0 0
862 6 0 0 2 0 0 0 0 0
864 6 0 0 2 0 0 2 0 0
866 14 0 0 2 0 0 6 0 0
904 8 1 1 0 0 0 4 0 0
916 12 2 2 6 0 0 0 0 0
923 4 0 0 2 0 0 0 0 0
933 14 1 1 0 0 0 4 0 0
934 4 0 0 2 0 0 0 0 0
937 8 0 0 2 0 0 0 0 0
940 52 2 2 18 0 0 12 0 0
942 3 0 0 0 0 0 0 0 0
943 12 1 1 0 0 0 6 0 0
946 6 0 0 2 0 0 0 0 0
949 6 0 0 0 0 0 2 0 0
957 32 2 2 4 0 0 10 0 0
963 16 0 0 2 0 0 0 0 0
964 24 1 1 10 0 0 2 0 0
966 4 0 0 0 0 0 0 0 0
967 12 1 1 4 0 0 8 0 0
968 12 0 0 0 0 0 0 0 0
974 4 0 0 0 0 0 0 0 0
979 16 1 1 2 0 0 14 0 0
980 16 1 1 12 0 0 0 0 0
1102 4 1 1 0 0 0 0 0 0
1109 6 1 1 0 0 0 0 0 0
1112 4 0 0 0 0 0 0 0 0
1118 6 0 0 2 0 0 0 0 0
1164 12 2 2 4 0 0 0 0 0
1166 16 0 0 2 0 0 4 0 0
1168 12 1 1 2 0 0 0 0 0
1169 16 1 1 5 0 0 2 0 0
1171 4 1 1 0 0 0 0 0 0
1173 6 1 1 2 0 0 0 0 0
1175 4 1 1 0 0 0 0 0 0
1178 12 1 1 3 0 0 0 0 0
1187 6 1 1 2 0 0 0 0 0
1193 6 1 1 2 0 0 2 0 0
1197 8 1 1 2 0 0 6 0 0
1199 10 0 0 4 0 0 2 0 0
1205 10 2 2 6 0 0 0 0 0
1206 6 0 0 2 0 0 0 0 0
1217 12 0 0 0 0 0 2 0 0
1218 4 1 1 2 0 0 2 0 0
1224 47 0 0 4 0 0 6 0 0
1225 27 1 1 9 0 0 0 0 0
1226 10 0 0 4 0 0 2 0 0
1227 14 0 0 0 0 0 0 0 0
1230 14 0 0 0 0 0 7 0 0
1234 6 0 0 4 0 0 0 0 0
1251 183 5 5 40 0 0 18 0 0
1254 6 1 1 2 0 0 0 0 0
1261 8 1 1 3 0 0 0 0 0
1265 18 1 1 14 0 0 0 0 0
fn=hack_digit.15661
236 36 1 1 0 0 0 18 0 0
239 27 1 1 9 0 0 0 0 0
241 27 0 0 9 0 0 0 0 0
243 20 1 1 12 0 0 0 0 0
244 24 0 0 0 0 0 8 0 0
248 15 0 0 5 0 0 0 0 0
252 35 0 0 15 0 0 5 0 0
253 25 1 1 15 0 0 5 0 0
254 5 0 0 5 0 0 0 0 0
256 5 0 0 0 0 0 5 0 0
257 30 0 0 10 0 0 0 0 0
268 15 1 1 0 0 0 5 0 0
269 10 0 0 0 0 0 0 0 0
270 35 0 0 10 0 0 10 0 0
274 36 0 0 27 0 0 0 0 0
fl=/build/buildd/eglibc-2.11.1/stdio-common/vfprintf.c
fn=vfprintf
210 11 2 2 0 0 0 6 0 0
245 3 0 0 2 0 0 1 0 0
1288 5 1 1 1 0 0 0 0 0
1292 5 1 1 1 0 0 0 0 0
1303 2 0 0 0 0 0 0 0 0
1314 6 0 0 3 0 0 3 0 0
1329 16 3 3 5 0 0 3 0 0
1330 15 2 2 7 0 0 1 0 0
1333 14 1 1 4 0 0 1 0 0
1337 12 2 2 2 0 0 6 0 0
1383 174 3 3 20 3 3 80 0 0
1493 2 0 0 0 0 0 2 0 0
1495 4 0 0 0 0 0 0 0 0
1502 4 0 0 0 0 0 0 0 0
1520 4 1 1 0 0 0 0 0 0
1523 28 1 1 4 1 1 2 0 0
1526 2 0 0 0 0 0 0 0 0
1527 6 0 0 2 0 0 0 0 0
1542 10 1 1 0 0 0 2 0 0
1543 8 0 0 0 0 0 2 0 0
1546 6 1 1 4 0 0 0 0 0
1567 4 1 1 2 0 0 0 0 0
1570 28 0 0 4 1 1 2 0 0
1613 509 29 29 166 0 0 72 0 0
1630 8 0 0 4 0 0 0 0 0
1632 10 1 1 5 0 0 0 0 0
1640 5 1 1 0 0 0 0 0 0
1644 120 1 1 25 0 0 20 0 0
1646 10 1 1 5 0 0 0 0 0
1808 2 0 0 0 0 0 1 0 0
1948 6 0 0 1 0 0 3 0 0
1951 12 0 0 0 0 0 6 0 0
1996 13 1 1 5 0 0 2 0 0
1997 10 0 0 3 0 0 1 0 0
2000 8 1 1 7 0 0 0 0 0
2012 2 1 1 0 0 0 1 0 0
fl=/build/buildd/eglibc-2.11.1/stdlib/../sysdeps/ieee754/dbl-64/dbl2mpn.c
fn=__mpn_extract_double
36 4 1 1 2 0 0 2 0 0
38 6 0 0 0 0 0 2 0 0
39 10 0 0 0 0 0 2 0 0
48 10 1 1 0 0 0 2 0 0
57 6 0 0 0 0 0 0 0 0
104 6 1 1 0 0 0 2 0 0
108 4 0 0 2 0 0 0 0 0
fl=/build/buildd/eglibc-2.11.1/stdlib/../sysdeps/x86_64/lshift.S
fn=__mpn_lshift
26 2 1 1 2 0 0 0 0 0
27 2 0 0 0 0 0 0 0 0
28 2 0 0 0 0 0 0 0 0
29 2 0 0 0 0 0 0 0 0
30 2 0 0 0 0 0 0 0 0
31 2 0 0 0 0 0 0 0 0
32 2 0 0 0 0 0 0 0 0
33 2 0 0 0 0 0 0 0 0
34 2 0 0 0 0 0 0 0 0
35 2 0 0 0 0 0 0 0 0
54 2 1 1 0 0 0 0 0 0
56 2 0 0 0 0 0 0 0 0
57 2 0 0 0 0 0 2 0 0
58 2 0 0 0 0 0 0 0 0
59 2 0 0 2 0 0 0 0 0
fl=/build/buildd/eglibc-2.11.1/stdlib/../sysdeps/x86_64/mul_1.S
fn=__mpn_mul_1
26 9 1 1 0 0 0 0 0 0
27 9 0 0 0 0 0 0 0 0
28 9 0 0 0 0 0 0 0 0
29 9 0 0 0 0 0 0 0 0
30 9 1 1 0 0 0 0 0 0
32 9 0 0 9 0 0 0 0 0
33 9 0 0 0 0 0 0 0 0
34 9 0 0 0 0 0 0 0 0
35 9 0 0 0 0 0 0 0 0
36 9 0 0 0 0 0 0 0 0
37 9 0 0 0 0 0 9 0 0
38 9 0 0 0 0 0 0 0 0
39 9 0 0 0 0 0 0 0 0
40 9 0 0 0 0 0 0 0 0
41 9 0 0 9 0 0 0 0 0
fl=/build/buildd/eglibc-2.11.1/stdlib/../sysdeps/x86_64/rshift.S
fn=__mpn_rshift
25 2 1 1 2 0 0 0 0 0
26 2 0 0 0 0 0 0 0 0
27 2 0 0 0 0 0 0 0 0
28 2 0 0 0 0 0 0 0 0
29 2 0 0 0 0 0 0 0 0
30 2 0 0 0 0 0 0 0 0
31 2 0 0 0 0 0 0 0 0
32 2 0 0 0 0 0 0 0 0
33 2 0 0 0 0 0 0 0 0
34 2 0 0 0 0 0 0 0 0
35 2 0 0 0 0 0 0 0 0
36 2 0 0 0 0 0 0 0 0
37 4 0 0 0 0 0 0 0 0
40 2 0 0 2 0 0 0 0 0
41 2 0 0 0 0 0 0 0 0
42 2 0 0 0 0 0 0 0 0
43 2 0 0 0 0 0 0 0 0
44 2 0 0 0 0 0 0 0 0
45 2 1 1 0 0 0 2 0 0
46 2 0 0 0 0 0 0 0 0
58 2 0 0 0 0 0 0 0 0
59 2 0 0 0 0 0 2 0 0
60 2 0 0 0 0 0 0 0 0
61 2 0 0 2 0 0 0 0 0
fl=/build/buildd/eglibc-2.11.1/stdlib/bsearch.c
fn=bsearch
27 390 2 2 0 0 0 210 0 0
34 691 1 1 0 0 0 23 0 0
36 392 0 0 0 0 0 0 0 0
37 784 0 0 0 0 0 196 0 0
38 588 0 0 196 0 0 196 0 0
39 392 0 0 0 0 0 0 0 0
41 70 0 0 0 0 0 0 0 0
42 63 0 0 0 0 0 0 0 0
48 270 0 0 240 0 0 0 0 0
fl=/build/buildd/eglibc-2.11.1/stdlib/cmp.c
fn=__mpn_cmp
43 3 1 1 0 0 0 0 0 0
45 1 0 0 1 0 0 0 0 0
46 1 0 0 1 0 0 0 0 0
47 2 0 0 0 0 0 0 0 0
55 5 1 1 1 0 0 0 0 0
fl=/build/buildd/eglibc-2.11.1/stdlib/cxa_atexit.c
fn=__cxa_atexit
35 2 0 0 0 0 0 1 0 0
37 3 0 0 0 0 0 0 0 0
41 2 0 0 1 0 0 0 0 0
43 1 0 0 0 0 0 1 0 0
44 1 0 0 0 0 0 1 0 0
45 1 0 0 0 0 0 1 0 0
47 2 0 0 0 0 0 1 0 0
57 7 2 2 0 0 0 3 0 0
59 6 1 1 4 0 0 0 0 0
fn=__new_exitfn
73 2 1 1 0 0 0 1 0 0
79 6 1 1 2 1 1 0 0 0
81 11 2 2 2 0 0 0 0 0
83 3 0 0 1 1 1 0 0 0
91 1 0 0 0 0 0 1 0 0
98 2 1 1 0 0 0 0 0 0
112 1 0 0 0 0 0 0 0 0
113 2 0 0 0 0 0 1 0 0
126 1 1 1 0 0 0 1 0 0
127 1 0 0 1 1 1 0 0 0
130 4 0 0 2 0 0 0 0 0
133 3 0 0 2 0 0 0 0 0
fl=/build/buildd/eglibc-2.11.1/stdlib/cxa_finalize.c
fn=__cxa_finalize
31 64 1 1 0 0 0 48 0 0
35 56 1 1 16 0 0 0 0 0
39 48 1 1 8 0 0 0 0 0
49 16 0 0 0 0 0 0 0 0
67 56 0 0 16 0 0 0 0 0
71 48 1 1 8 1 1 0 0 0
79 16 1 1 0 0 0 0 0 0
80 16 0 0 0 0 0 0 0 0
82 56 0 0 48 0 0 0 0 0
fl=/build/buildd/eglibc-2.11.1/stdlib/divrem.c
fn=__mpn_divrem
45 15 1 1 0 0 0 0 0 0
57 60 2 2 0 0 0 40 0 0
60 10 0 0 0 0 0 0 0 0
73 5 1 1 5 0 0 0 0 0
74 5 0 0 5 0 0 0 0 0
76 15 0 0 0 0 0 5 0 0
82 15 0 0 5 0 0 0 0 0
83 35 0 0 0 0 0 0 0 0
84 15 0 0 5 0 0 5 0 0
85 5 0 0 0 0 0 0 0 0
87 15 0 0 5 0 0 0 0 0
90 5 1 1 0 0 0 5 0 0
92 5 0 0 0 0 0 0 0 0
245 45 1 1 40 0 0 0 0 0
fl=/build/buildd/eglibc-2.11.1/stdlib/exit.c
fn=exit
42 3 0 0 0 0 0 0 0 0
46 4 0 0 0 0 0 0 0 0
49 7 1 1 1 0 0 4 0 0
50 5 1 1 1 0 0 0 0 0
74 3 1 1 1 0 0 0 0 0
76 2 0 0 1 0 0 0 0 0
78 12 0 0 3 0 0 1 0 0
83 2 0 0 1 0 0 1 0 0
84 2 0 0 0 0 0 0 0 0
91 9 1 1 1 0 0 1 0 0
93 3 0 0 0 0 0 1 0 0
fl=/build/buildd/eglibc-2.11.1/stdlib/getenv.c
fn=getenv
36 104 2 2 0 0 0 78 0 0
37 26 0 0 0 0 0 13 0 0
41 78 1 1 39 0 0 0 0 0
44 26 0 0 13 0 0 0 0 0
73 13 0 0 13 0 0 0 0 0
78 13 0 0 0 0 0 0 0 0
79 13 0 0 0 0 0 0 0 0
81 2795 1 1 689 0 0 0 0 0
84 1352 0 0 676 0 0 0 0 0
97 104 0 0 91 0 0 0 0 0
fl=/build/buildd/eglibc-2.11.1/stdlib/rand.c
fn=rand
27 500000 1 1 0 0 0 0 0 0
28 500000 0 0 0 0 0 500000 0 0
29 1000000 0 0 500000 0 0 0 0 0
fl=/build/buildd/eglibc-2.11.1/stdlib/random.c
fn=random
293 500000 1 1 0 0 0 0 0 0
296 3000000 1 1 1000000 0 0 0 0 0
298 1500000 0 0 0 0 0 500000 0 0
300 2500000 1 1 1500000 0 0 0 0 0
303 1000000 0 0 500000 0 0 0 0 0
fn=srand
211 4 1 1 0 0 0 0 0 0
212 12 1 1 4 1 1 0 0 0
213 6 0 0 0 0 0 2 0 0
214 8 0 0 4 0 0 0 0 0
215 4 0 0 2 0 0 0 0 0
fl=/build/buildd/eglibc-2.11.1/stdlib/random_r.c
fn=random_r
367 2002480 1 1 0 0 0 0 0 0
370 500620 0 0 500620 0 0 0 0 0
372 1501860 1 1 500620 0 0 0 0 0
381 500620 0 0 500620 0 0 0 0 0
382 500620 0 0 500620 0 0 0 0 0
383 500620 0 0 500620 0 0 0 0 0
386 1501860 0 0 1001240 0 0 500620 0 0
388 1001240 0 0 0 0 0 500620 0 0
389 500620 0 0 0 0 0 0 0 0
390 1001240 0 0 0 0 0 0 0 0
393 32296 1 1 0 0 0 0 0 0
397 484472 0 0 0 0 0 0 0 0
398 968944 0 0 0 0 0 0 0 0
401 500620 0 0 0 0 0 500620 0 0
402 1501860 0 0 500620 0 0 500620 0 0
fn=srandom_r
165 10 1 1 0 0 0 6 0 0
173 4 0 0 0 0 0 0 0 0
175 2 1 1 2 0 0 0 0 0
176 4 0 0 0 0 0 0 0 0
179 2 0 0 2 0 0 0 0 0
181 6 0 0 0 0 0 0 0 0
183 2 0 0 0 0 0 2 0 0
184 4 0 0 0 0 0 0 0 0
189 2 0 0 2 0 0 0 0 0
190 188 0 0 0 0 0 0 0 0
197 722 1 1 0 0 0 0 0 0
199 180 0 0 0 0 0 0 0 0
200 60 0 0 0 0 0 60 1 1
203 6 1 1 2 0 0 2 0 0
204 2 0 0 0 0 0 2 0 0
205 2 0 0 0 0 0 0 0 0
206 1252 0 0 0 0 0 0 0 0
209 1860 0 0 0 0 0 620 0 0
217 10 0 0 8 0 0 0 0 0
fl=/build/buildd/eglibc-2.11.1/string/../string/memset.c
fn=memset
25 24 0 0 0 0 0 0 0 0
30 20 0 0 0 0 0 0 0 0
32 20 1 1 0 0 0 0 0 0
37 20 0 0 0 0 0 0 0 0
38 30 0 0 0 0 0 0 0 0
39 30 0 0 0 0 0 0 0 0
42 30 1 1 0 0 0 0 0 0
46 29 0 0 0 0 0 0 0 0
48 4 0 0 0 0 0 4 1 1
49 4 0 0 0 0 0 0 0 0
50 4 0 0 0 0 0 0 0 0
54 20 0 0 0 0 0 0 0 0
55 277 0 0 0 0 0 0 0 0
57 118 0 0 0 0 0 118 13 13
58 118 0 0 0 0 0 118 0 0
59 118 0 0 0 0 0 118 37 37
60 118 0 0 0 0 0 118 0 0
61 118 0 0 0 0 0 118 61 61
62 118 0 0 0 0 0 118 10 10
63 118 0 0 0 0 0 118 0 0
64 236 0 0 0 0 0 118 0 0
68 10 1 1 0 0 0 0 0 0
71 20 0 0 0 0 0 0 0 0
72 136 0 0 0 0 0 0 0 0
74 86 0 0 0 0 0 43 6 6
78 10 0 0 0 0 0 0 0 0
82 20 0 0 0 0 0 0 0 0
90 10 0 0 10 0 0 0 0 0
fl=/build/buildd/eglibc-2.11.1/string/../sysdeps/x86_64/cacheinfo.c
fn=handle_intel
256 24 1 1 0 0 0 18 0 0
257 12 0 0 0 0 0 0 0 0
264 3 0 0 0 0 0 3 0 0
265 9 0 0 0 0 0 6 0 0
267 2 0 0 1 0 0 0 0 0
273 12 1 1 0 0 0 3 0 0
278 6 0 0 0 0 0 0 0 0
280 9 2 2 0 0 0 3 0 0
281 3 0 0 0 0 0 0 0 0
285 15 0 0 0 0 0 3 0 0
286 6 0 0 0 0 0 0 0 0
289 15 0 0 0 0 0 3 0 0
290 6 0 0 0 0 0 0 0 0
293 15 0 0 0 0 0 3 0 0
294 6 0 0 0 0 0 0 0 0
297 15 0 0 3 0 0 3 0 0
298 6 0 0 0 0 0 0 0 0
302 7 0 0 1 0 0 0 0 0
307 24 0 0 21 0 0 0 0 0
fn=init_cacheinfo
487 4 1 1 0 0 0 3 0 0
500 3 0 0 1 0 0 0 0 0
501 2 1 1 1 0 0 1 0 0
507 2 0 0 0 0 0 0 0 0
509 4 0 0 1 0 0 1 0 0
513 4 1 1 1 0 0 1 0 0
515 3 0 0 0 0 0 0 0 0
519 6 1 1 1 0 0 1 0 0
526 1 0 0 1 0 0 0 0 0
527 2 0 0 1 0 0 0 0 0
537 4 1 1 0 0 0 1 1 1
544 4 0 0 1 0 0 0 0 0
551 14 0 0 0 0 0 0 0 0
557 6 0 0 0 0 0 0 0 0
560 15 0 0 0 0 0 0 0 0
562 1 1 1 0 0 0 0 0 0
568 7 0 0 0 0 0 0 0 0
575 1 0 0 0 0 0 0 0 0
579 2 0 0 0 0 0 0 0 0
606 2 0 0 0 0 0 0 0 0
607 7 2 2 0 0 0 0 0 0
662 2 0 0 0 0 0 0 0 0
664 3 0 0 0 0 0 1 0 0
665 1 0 0 0 0 0 1 1 1
668 2 0 0 0 0 0 0 0 0
670 4 0 0 0 0 0 1 0 0
671 1 0 0 0 0 0 1 1 1
673 5 0 0 4 0 0 0 0 0
fn=intel_02_known_compare
152 784 1 1 392 9 9 0 0 0
155 378 0 0 0 0 0 0 0 0
156 196 0 0 196 0 0 0 0 0
fn=intel_check_word
163 132 1 1 0 0 0 72 0 0
164 24 1 1 0 0 0 0 0 0
170 72 0 0 0 0 0 0 0 0
172 78 0 0 0 0 0 0 0 0
174 30 1 1 0 0 0 0 0 0
176 60 0 0 0 0 0 0 0 0
186 66 0 0 0 0 0 0 0 0
194 1 0 0 0 0 0 0 0 0
195 2 0 0 1 0 0 0 0 0
221 30 0 0 0 0 0 30 0 0
222 180 1 1 0 0 0 30 0 0
224 60 0 0 0 0 0 0 0 0
226 28 0 0 7 0 0 0 0 0
228 2 0 0 0 0 0 0 0 0
230 4 0 0 0 0 0 0 0 0
232 2 0 0 2 0 0 0 0 0
240 10 0 0 0 0 0 0 0 0
241 4 1 1 0 0 0 2 0 0
246 28 0 0 0 0 0 0 0 0
251 96 1 1 84 0 0 0 0 0
fl=/build/buildd/eglibc-2.11.1/string/../sysdeps/x86_64/memcpy.S
fn=memcpy
56 42 2 2 0 0 0 0 0 0
58 42 0 0 0 0 0 0 0 0
60 42 0 0 0 0 0 0 0 0
63 40 0 0 0 0 0 0 0 0
64 40 0 0 0 0 0 0 0 0
66 11 0 0 11 0 0 0 0 0
67 11 0 0 0 0 0 11 4 4
69 11 0 0 0 0 0 0 0 0
70 11 0 0 0 0 0 0 0 0
75 40 0 0 0 0 0 0 0 0
76 40 0 0 0 0 0 0 0 0
78 12 0 0 12 0 0 0 0 0
79 12 0 0 0 0 0 12 4 4
81 12 0 0 0 0 0 0 0 0
82 24 0 0 0 0 0 0 0 0
87 40 2 2 0 0 0 0 0 0
88 40 0 0 0 0 0 0 0 0
90 8 0 0 8 0 0 0 0 0
91 8 0 0 0 0 0 8 0 0
93 8 0 0 0 0 0 0 0 0
94 8 0 0 0 0 0 0 0 0
99 40 0 0 0 0 0 0 0 0
100 40 0 0 0 0 0 0 0 0
102 23 0 0 23 0 0 0 0 0
103 23 0 0 0 0 0 23 2 2
105 23 0 0 0 0 0 0 0 0
106 23 0 0 0 0 0 0 0 0
111 40 0 0 0 0 0 0 0 0
112 64 0 0 0 0 0 0 0 0
117 24 0 0 24 1 1 0 0 0
118 24 0 0 24 0 0 0 0 0
119 24 0 0 0 0 0 24 3 3
120 24 0 0 0 0 0 24 5 5
122 24 1 1 0 0 0 0 0 0
124 24 0 0 0 0 0 0 0 0
125 24 0 0 0 0 0 0 0 0
127 24 0 0 0 0 0 0 0 0
135 40 1 1 40 0 0 0 0 0
143 10 0 0 0 0 0 10 0 0
149 10 0 0 0 0 0 0 0 0
151 10 0 0 0 0 0 0 0 0
152 10 0 0 0 0 0 0 0 0
155 1 0 0 0 0 0 0 0 0
156 2 0 0 0 0 0 0 0 0
161 1 1 1 1 0 0 0 0 0
162 1 0 0 0 0 0 1 0 0
164 1 0 0 0 0 0 0 0 0
166 1 0 0 0 0 0 0 0 0
167 1 0 0 0 0 0 0 0 0
169 2 0 0 0 0 0 0 0 0
178 10 0 0 0 0 0 0 0 0
179 10 0 0 0 0 0 0 0 0
182 10 0 0 0 0 0 0 0 0
183 10 0 0 0 0 0 0 0 0
184 10 0 0 0 0 0 0 0 0
189 10 0 0 0 0 0 0 0 0
191 10 0 0 10 0 0 0 0 0
192 10 0 0 10 0 0 0 0 0
193 10 0 0 10 0 0 0 0 0
194 10 1 1 10 0 0 0 0 0
196 10 0 0 0 0 0 10 3 3
197 10 0 0 0 0 0 10 1 1
198 10 0 0 0 0 0 10 1 1
199 10 0 0 0 0 0 10 2 2
201 10 0 0 0 0 0 0 0 0
202 10 0 0 0 0 0 0 0 0
204 10 0 0 0 0 0 0 0 0
206 1 0 0 0 0 0 0 0 0
208 1 0 0 1 0 0 0 0 0
209 1 0 0 1 0 0 0 0 0
210 1 0 0 1 0 0 0 0 0
211 1 0 0 1 0 0 0 0 0
213 1 0 0 0 0 0 1 0 0
214 1 0 0 0 0 0 1 0 0
215 1 0 0 0 0 0 1 0 0
216 1 0 0 0 0 0 1 0 0
218 1 0 0 0 0 0 0 0 0
219 1 0 0 0 0 0 0 0 0
221 2 0 0 0 0 0 0 0 0
226 10 1 1 0 0 0 0 0 0
232 10 0 0 10 0 0 0 0 0
233 10 0 0 0 0 0 0 0 0
235 2 0 0 2 0 0 0 0 0
fn=mempcpy
56 45 2 2 0 0 0 0 0 0
60 45 0 0 0 0 0 0 0 0
63 45 0 0 0 0 0 0 0 0
64 45 0 0 0 0 0 0 0 0
66 22 0 0 22 1 1 0 0 0
67 22 0 0 0 0 0 22 1 1
69 22 2 2 0 0 0 0 0 0
70 22 0 0 0 0 0 0 0 0
75 45 0 0 0 0 0 0 0 0
76 45 0 0 0 0 0 0 0 0
78 23 0 0 23 0 0 0 0 0
79 23 0 0 0 0 0 23 1 1
81 23 0 0 0 0 0 0 0 0
82 23 0 0 0 0 0 0 0 0
87 45 0 0 0 0 0 0 0 0
88 45 0 0 0 0 0 0 0 0
90 18 0 0 18 0 0 0 0 0
91 18 0 0 0 0 0 18 1 1
93 18 0 0 0 0 0 0 0 0
94 18 0 0 0 0 0 0 0 0
99 45 0 0 0 0 0 0 0 0
100 45 0 0 0 0 0 0 0 0
102 20 0 0 20 0 0 0 0 0
103 20 0 0 0 0 0 20 0 0
105 20 0 0 0 0 0 0 0 0
106 40 0 0 0 0 0 0 0 0
111 45 2 2 0 0 0 0 0 0
112 59 0 0 0 0 0 0 0 0
117 14 0 0 14 0 0 0 0 0
118 14 0 0 14 0 0 0 0 0
119 14 0 0 0 0 0 14 3 3
120 14 0 0 0 0 0 14 1 1
122 14 0 0 0 0 0 0 0 0
124 14 0 0 0 0 0 0 0 0
125 14 0 0 0 0 0 0 0 0
127 14 0 0 0 0 0 0 0 0
133 45 0 0 0 0 0 0 0 0
137 45 0 0 45 0 0 0 0 0
149 1 0 0 0 0 0 0 0 0
151 1 0 0 0 0 0 0 0 0
152 1 0 0 0 0 0 0 0 0
178 1 1 1 0 0 0 0 0 0
179 1 0 0 0 0 0 0 0 0
182 1 0 0 0 0 0 0 0 0
183 1 0 0 0 0 0 0 0 0
184 1 0 0 0 0 0 0 0 0
189 1 0 0 0 0 0 0 0 0
191 1 0 0 1 0 0 0 0 0
192 1 0 0 1 0 0 0 0 0
193 1 0 0 1 0 0 0 0 0
194 1 1 1 1 0 0 0 0 0
196 1 0 0 0 0 0 1 0 0
197 1 0 0 0 0 0 1 0 0
198 1 0 0 0 0 0 1 0 0
199 1 0 0 0 0 0 1 0 0
201 1 0 0 0 0 0 0 0 0
202 1 0 0 0 0 0 0 0 0
204 1 0 0 0 0 0 0 0 0
226 1 1 1 0 0 0 0 0 0
228 1 0 0 0 0 0 0 0 0
fl=/build/buildd/eglibc-2.11.1/string/../sysdeps/x86_64/multiarch/../rtld-strlen.S
fn=strlen
29 39 1 1 0 0 0 0 0 0
30 39 0 0 0 0 0 0 0 0
31 39 0 0 0 0 0 0 0 0
32 39 0 0 0 0 0 0 0 0
34 22 0 0 0 0 0 0 0 0
35 22 0 0 0 0 0 0 0 0
37 83 0 0 83 1 1 0 0 0
38 83 0 0 0 0 0 0 0 0
39 82 0 0 0 0 0 0 0 0
40 82 0 0 0 0 0 0 0 0
41 82 0 0 0 0 0 0 0 0
43 76 0 0 0 0 0 0 0 0
48 41 1 1 41 1 1 0 0 0
49 41 0 0 0 0 0 0 0 0
50 41 0 0 0 0 0 0 0 0
51 41 0 0 0 0 0 0 0 0
54 41 0 0 0 0 0 0 0 0
55 40 0 0 0 0 0 0 0 0
56 40 0 0 0 0 0 0 0 0
57 40 0 0 0 0 0 0 0 0
59 40 0 0 0 0 0 0 0 0
62 36 0 0 36 0 0 0 0 0
63 36 0 0 0 0 0 0 0 0
64 36 0 0 0 0 0 0 0 0
65 36 0 0 0 0 0 0 0 0
68 36 0 0 0 0 0 0 0 0
69 27 0 0 0 0 0 0 0 0
70 27 0 0 0 0 0 0 0 0
71 27 0 0 0 0 0 0 0 0
73 27 0 0 0 0 0 0 0 0
76 13 0 0 13 0 0 0 0 0
77 13 0 0 0 0 0 0 0 0
78 13 0 0 0 0 0 0 0 0
79 13 0 0 0 0 0 0 0 0
82 13 0 0 0 0 0 0 0 0
83 10 0 0 0 0 0 0 0 0
84 10 0 0 0 0 0 0 0 0
85 10 0 0 0 0 0 0 0 0
87 10 0 0 0 0 0 0 0 0
90 6 0 0 6 0 0 0 0 0
91 6 0 0 0 0 0 0 0 0
92 6 0 0 0 0 0 0 0 0
93 6 0 0 0 0 0 0 0 0
96 6 0 0 0 0 0 0 0 0
97 3 0 0 0 0 0 0 0 0
98 3 0 0 0 0 0 0 0 0
99 3 0 0 0 0 0 0 0 0
101 3 0 0 0 0 0 0 0 0
104 38 1 1 0 0 0 0 0 0
106 38 0 0 0 0 0 0 0 0
107 38 0 0 0 0 0 0 0 0
108 31 0 0 0 0 0 0 0 0
110 31 0 0 0 0 0 0 0 0
111 31 0 0 0 0 0 0 0 0
112 28 1 1 0 0 0 0 0 0
114 28 0 0 0 0 0 0 0 0
115 28 0 0 0 0 0 0 0 0
116 24 0 0 0 0 0 0 0 0
118 24 0 0 0 0 0 0 0 0
119 24 0 0 0 0 0 0 0 0
120 24 0 0 0 0 0 0 0 0
122 24 0 0 0 0 0 0 0 0
124 24 0 0 0 0 0 0 0 0
125 24 0 0 0 0 0 0 0 0
126 19 0 0 0 0 0 0 0 0
128 19 0 0 0 0 0 0 0 0
129 19 0 0 0 0 0 0 0 0
130 16 0 0 0 0 0 0 0 0
132 16 0 0 0 0 0 0 0 0
133 16 0 0 0 0 0 0 0 0
134 7 0 0 0 0 0 0 0 0
136 39 0 0 0 0 0 0 0 0
137 39 0 0 39 0 0 0 0 0
fl=/build/buildd/eglibc-2.11.1/string/../sysdeps/x86_64/multiarch/../strchr.S
fn=index
26 33 1 1 0 0 0 0 0 0
27 33 0 0 0 0 0 0 0 0
28 33 0 0 0 0 0 0 0 0
29 33 0 0 0 0 0 0 0 0
30 33 0 0 0 0 0 0 0 0
31 33 0 0 0 0 0 0 0 0
32 33 0 0 0 0 0 0 0 0
33 33 0 0 33 5 5 0 0 0
34 33 0 0 0 0 0 0 0 0
35 33 0 0 0 0 0 0 0 0
36 33 0 0 0 0 0 0 0 0
37 33 0 0 0 0 0 0 0 0
38 33 0 0 0 0 0 0 0 0
39 33 0 0 0 0 0 0 0 0
40 33 0 0 0 0 0 0 0 0
41 33 0 0 0 0 0 0 0 0
42 33 0 0 0 0 0 0 0 0
43 33 1 1 0 0 0 0 0 0
44 33 0 0 0 0 0 0 0 0
45 33 0 0 0 0 0 0 0 0
46 33 0 0 0 0 0 0 0 0
48 26 0 0 26 0 0 0 0 0
49 26 0 0 0 0 0 0 0 0
50 26 0 0 0 0 0 0 0 0
51 26 0 0 0 0 0 0 0 0
52 26 0 0 0 0 0 0 0 0
53 26 0 0 0 0 0 0 0 0
54 26 0 0 0 0 0 0 0 0
55 26 0 0 0 0 0 0 0 0
56 26 0 0 0 0 0 0 0 0
58 33 0 0 0 0 0 0 0 0
59 33 0 0 0 0 0 0 0 0
60 1 0 0 0 0 0 0 0 0
61 1 0 0 0 0 0 0 0 0
62 1 0 0 0 0 0 0 0 0
63 1 0 0 0 0 0 0 0 0
64 32 0 0 0 0 0 0 0 0
65 33 0 0 33 0 0 0 0 0
fl=/build/buildd/eglibc-2.11.1/string/../sysdeps/x86_64/multiarch/../strcmp.S
fn=strcmp
63 35174 1 1 35174 613 613 0 0 0
64 35174 0 0 35174 17 17 0 0 0
65 35174 0 0 0 0 0 0 0 0
66 33887 0 0 0 0 0 0 0 0
67 33887 0 0 0 0 0 0 0 0
68 33887 0 0 0 0 0 0 0 0
69 33887 0 0 0 0 0 0 0 0
71 1733 0 0 0 0 0 0 0 0
72 1733 0 0 1733 0 0 0 0 0
74 1287 0 0 0 0 0 0 0 0
75 1287 0 0 0 0 0 0 0 0
76 1287 0 0 0 0 0 0 0 0
77 1287 0 0 1287 0 0 0 0 0
fl=/build/buildd/eglibc-2.11.1/string/../sysdeps/x86_64/multiarch/../strlen.S
fn=__GI_strlen
26 19 1 1 0 0 0 0 0 0
27 19 0 0 0 0 0 0 0 0
28 19 0 0 0 0 0 0 0 0
29 19 0 0 0 0 0 0 0 0
30 19 0 0 0 0 0 0 0 0
31 19 0 0 19 3 3 0 0 0
32 19 0 0 0 0 0 0 0 0
33 19 0 0 0 0 0 0 0 0
34 19 0 0 0 0 0 0 0 0
35 19 0 0 0 0 0 0 0 0
36 19 0 0 0 0 0 0 0 0
37 19 0 0 0 0 0 0 0 0
39 20 0 0 20 6 6 0 0 0
40 20 0 0 0 0 0 0 0 0
41 20 0 0 0 0 0 0 0 0
42 20 0 0 0 0 0 0 0 0
43 20 0 0 0 0 0 0 0 0
44 20 0 0 0 0 0 0 0 0
46 19 0 0 0 0 0 0 0 0
47 19 1 1 0 0 0 0 0 0
48 19 0 0 0 0 0 0 0 0
49 19 0 0 19 0 0 0 0 0
fl=/build/buildd/eglibc-2.11.1/string/../sysdeps/x86_64/multiarch/../strrchr.S
fn=__GI_strrchr
26 1 1 1 0 0 0 0 0 0
27 1 0 0 0 0 0 0 0 0
28 1 0 0 0 0 0 0 0 0
29 1 0 0 0 0 0 0 0 0
30 1 0 0 0 0 0 0 0 0
31 1 0 0 0 0 0 0 0 0
32 1 0 0 0 0 0 0 0 0
33 1 0 0 1 0 0 0 0 0
34 1 0 0 0 0 0 0 0 0
35 1 0 0 0 0 0 0 0 0
36 1 0 0 0 0 0 0 0 0
37 1 0 0 0 0 0 0 0 0
38 1 0 0 0 0 0 0 0 0
39 1 0 0 0 0 0 0 0 0
40 1 0 0 0 0 0 0 0 0
41 1 0 0 0 0 0 0 0 0
42 1 0 0 0 0 0 0 0 0
43 1 1 1 0 0 0 0 0 0
44 1 0 0 0 0 0 0 0 0
45 1 0 0 0 0 0 0 0 0
46 1 0 0 0 0 0 0 0 0
47 1 0 0 0 0 0 0 0 0
48 1 0 0 0 0 0 0 0 0
50 1 0 0 1 0 0 0 0 0
51 1 0 0 0 0 0 0 0 0
52 1 0 0 0 0 0 0 0 0
53 1 0 0 0 0 0 0 0 0
54 1 0 0 0 0 0 0 0 0
55 1 0 0 0 0 0 0 0 0
56 1 0 0 0 0 0 0 0 0
57 1 0 0 0 0 0 0 0 0
58 1 0 0 0 0 0 0 0 0
59 1 0 0 0 0 0 0 0 0
61 2 0 0 0 0 0 0 0 0
62 2 0 0 0 0 0 0 0 0
63 2 0 0 0 0 0 0 0 0
64 2 0 0 0 0 0 0 0 0
66 1 1 1 0 0 0 0 0 0
67 1 0 0 0 0 0 0 0 0
68 1 0 0 0 0 0 0 0 0
69 1 0 0 0 0 0 0 0 0
71 1 0 0 0 0 0 0 0 0
72 1 0 0 0 0 0 0 0 0
73 1 0 0 0 0 0 0 0 0
74 1 0 0 0 0 0 0 0 0
75 1 0 0 0 0 0 0 0 0
77 1 0 0 1 0 0 0 0 0
fl=/build/buildd/eglibc-2.11.1/string/../sysdeps/x86_64/multiarch/strlen.S
fn=strlen
32 1 1 1 1 0 0 0 0 0
33 1 0 0 0 0 0 0 0 0
35 1 0 0 0 0 0 0 0 0
36 1 0 0 1 0 0 0 0 0
37 1 0 0 0 0 0 0 0 0
39 1 0 0 1 0 0 0 0 0
fl=/build/buildd/eglibc-2.11.1/string/../sysdeps/x86_64/strchrnul.S
fn=strchrnul
27 6 1 1 0 0 0 0 0 0
28 6 0 0 0 0 0 0 0 0
29 6 0 0 0 0 0 0 0 0
30 6 0 0 0 0 0 0 0 0
31 6 1 1 0 0 0 0 0 0
32 6 0 0 0 0 0 0 0 0
33 6 0 0 0 0 0 0 0 0
34 6 0 0 6 0 0 0 0 0
35 6 0 0 0 0 0 0 0 0
36 6 0 0 0 0 0 0 0 0
37 6 0 0 0 0 0 0 0 0
38 6 0 0 0 0 0 0 0 0
39 6 0 0 0 0 0 0 0 0
40 6 0 0 0 0 0 0 0 0
41 6 0 0 0 0 0 0 0 0
42 6 0 0 0 0 0 0 0 0
43 6 0 0 0 0 0 0 0 0
44 6 0 0 0 0 0 0 0 0
45 6 0 0 0 0 0 0 0 0
46 6 0 0 0 0 0 0 0 0
48 1 0 0 1 0 0 0 0 0
49 1 0 0 0 0 0 0 0 0
50 1 0 0 0 0 0 0 0 0
51 1 0 0 0 0 0 0 0 0
52 1 0 0 0 0 0 0 0 0
53 1 0 0 0 0 0 0 0 0
54 1 0 0 0 0 0 0 0 0
55 1 0 0 0 0 0 0 0 0
56 1 0 0 0 0 0 0 0 0
58 6 1 1 0 0 0 0 0 0
59 6 0 0 0 0 0 0 0 0
60 6 0 0 6 0 0 0 0 0
fl=/build/buildd/eglibc-2.11.1/string/memmove.c
fn=memmove
47 77 3 3 0 0 0 44 0 0
48 11 0 0 0 0 0 0 0 0
52 44 0 0 0 0 0 0 0 0
57 33 0 0 0 0 0 0 0 0
79 519 2 2 81 0 0 81 0 0
109 77 1 1 55 0 0 0 0 0
fl=/build/buildd/eglibc-2.11.1/termios/../sysdeps/unix/sysv/linux/tcgetattr.c
fn=tcgetattr
37 3 1 1 0 0 0 0 0 0
41 21 0 0 0 0 0 0 0 0
43 6 0 0 0 0 0 0 0 0
45 6 0 0 3 0 0 3 0 0
46 6 1 1 3 0 0 3 0 0
47 6 0 0 3 0 0 3 0 0
48 6 0 0 3 0 0 3 0 0
49 6 0 0 3 0 0 3 0 0
54 6 0 0 0 0 0 3 0 0
61 3 0 0 0 0 0 3 0 0
66 39 1 1 12 0 0 21 0 0
80 3 0 0 3 0 0 0 0 0
fl=/u/an/es/bhoenes/csci564/perf/bch_atlas.c
fn=step01
38 8 0 0 0 0 0 6 0 0
39 8 0 0 4 0 0 1 0 0
40 4 0 0 3 0 0 0 0 0
fn=step01_tile
42 7 0 0 0 0 0 6 0 0
45 10 0 0 6 0 0 1 0 0
46 10 0 0 6 0 0 1 0 0
47 2005 0 0 1502 0 0 1 0 0
48 1500 0 0 1000 0 0 500 0 0
49 2255500 0 0 1252500 0 0 500 0 0
50 1000000 0 0 750000 0 0 250000 0 0
51 2000000 0 0 1000000 0 0 250000 0 0
52 1000000 0 0 500000 0 0 250000 0 0
53 1127750000 0 0 626250000 0 0 250000 0 0
54 2250000000 0 0 1250000000 0 0 125000000 0 0
60 2 0 0 2 0 0 0 0 0
fl=/u/an/es/bhoenes/csci564/perf/stopwatch.c
fn=diff
12 18 0 0 0 0 0 12 0 0
14 14 0 0 4 0 0 0 0 0
15 7 0 0 2 0 0 1 0 0
16 8 0 0 2 0 0 1 0 0
18 6 0 0 2 0 0 1 0 0
19 6 0 0 2 0 0 1 0 0
21 12 0 0 8 0 0 4 0 0
22 6 0 0 6 0 0 0 0 0
fn=stopwatch_delete
30 4 0 0 0 0 0 2 0 0
31 3 0 0 1 0 0 1 0 0
32 2 0 0 2 0 0 0 0 0
fn=stopwatch_new
24 3 0 0 0 0 0 1 0 0
26 3 0 0 0 0 0 2 0 0
27 1 0 0 1 0 0 0 0 0
28 2 0 0 2 0 0 0 0 0
fn=stopwatch_reset
58 8 0 0 0 0 0 4 0 0
60 8 0 0 0 0 0 2 0 0
61 4 0 0 2 0 0 2 0 0
62 10 0 0 6 0 0 4 0 0
63 10 0 0 6 0 0 4 0 0
64 4 0 0 4 0 0 0 0 0
fn=stopwatch_restart
65 8 0 0 0 0 0 4 0 0
66 6 0 0 2 0 0 2 0 0
67 6 0 0 2 0 0 2 0 0
68 4 0 0 4 0 0 0 0 0
fn=stopwatch_start
34 8 0 0 0 0 0 4 0 0
35 8 0 0 4 0 0 0 0 0
36 4 0 0 2 0 0 2 0 0
37 8 0 0 2 0 0 2 0 0
39 4 0 0 4 0 0 0 0 0
fn=stopwatch_stop
40 8 0 0 0 0 0 4 0 0
41 8 0 0 4 0 0 0 0 0
42 4 0 0 2 0 0 2 0 0
43 10 0 0 2 0 0 2 0 0
45 4 0 0 4 0 0 0 0 0
fn=stopwatch_time
46 10 0 0 0 0 0 6 0 0
48 8 0 0 4 0 0 0 0 0
53 34 0 0 16 0 0 10 0 0
55 14 0 0 6 0 0 0 0 0
56 8 0 0 6 0 0 0 0 0
fl=/u/an/es/bhoenes/csci564/perf/test_driver.c
fn=assert_equal
43 7 0 0 0 0 0 5 0 0
45 1500006 0 0 1000003 0 0 1 0 0
46 4500000 0 0 2000000 0 0 0 0 0
48 2 0 0 2 0 0 0 0 0
fn=calc_mflops
61 10 0 0 0 0 0 8 0 0
62 22 0 0 12 0 0 0 0 0
63 4 0 0 4 0 0 0 0 0
fn=main
126 2 0 0 0 0 0 1 0 0
129 2 0 0 0 0 0 1 0 0
130 2 0 0 0 0 0 1 0 0
131 1 0 0 0 0 0 0 0 0
132 2 0 0 2 0 0 0 0 0
fn=rand_square_double_matrix
26 14 0 0 0 0 0 10 0 0
28 6 0 0 2 0 0 2 0 0
29 4010 0 0 3004 0 0 2 0 0
30 2005000 0 0 1502000 0 0 1000 0 0
31 6000000 0 0 2500000 0 0 1000000 62500 62500
34 8 0 0 6 0 0 0 0 0
fn=testFunc
67 5 0 0 0 0 0 3 0 0
68 10 0 0 0 0 0 10 0 0
70 2 0 0 0 0 0 1 0 0
79 3 0 0 0 0 0 2 0 0
81 7 0 0 3 0 0 1 0 0
82 4 0 0 2 0 0 1 0 0
83 3 0 0 2 0 0 1 0 0
84 6 0 0 1 0 0 2 0 0
85 6 0 0 1 0 0 2 0 0
86 6 0 0 1 0 0 2 0 0
87 6 0 0 1 0 0 2 0 0
88 7 0 0 3 0 0 1 0 0
89 7 0 0 3 0 0 1 0 0
90 5 0 0 2 0 0 1 0 0
91 5 0 0 2 0 0 1 0 0
93 3 0 0 1 0 0 1 0 0
94 8 0 0 5 0 0 1 0 0
95 3 0 0 1 0 0 1 0 0
96 4 0 0 1 0 0 2 0 0
98 3 0 0 1 0 0 1 0 0
99 24 0 0 11 0 0 7 0 0
100 3 0 0 1 0 0 1 0 0
111 7 0 0 4 0 0 1 0 0
112 4 0 0 1 0 0 2 0 0
113 8 0 0 3 0 0 2 0 0
114 8 0 0 3 0 0 2 0 0
116 10 0 0 5 0 0 1 0 0
118 3 0 0 1 0 0 1 0 0
119 3 0 0 1 0 0 1 0 0
120 3 0 0 1 0 0 1 0 0
121 3 0 0 1 0 0 1 0 0
123 3 0 0 1 0 0 1 0 0
124 4 0 0 3 0 0 0 0 0
fn=zero_square_double_matrix
36 8 0 0 0 0 0 6 0 0
38 2500012 0 0 2000006 0 0 2 0 0
39 3000000 0 0 1000000 0 0 500000 62500 62500
41 4 0 0 4 0 0 0 0 0
fl=???
fn=???
0 192260531 924 920 67880606 5 5 1435677 31269 31269
fn=ATL_dIBJBmm
0 224 10 10 56 0 0 59 0 0
fn=ATL_dIBNBmm
0 1712 10 10 264 0 0 456 0 0
fn=ATL_dJIK0x0x52TN52x52x0_a1_bX
0 7974603 71 71 3211174 0 0 49500 0 0
fn=ATL_dJIK0x0x56TN56x56x0_a1_bX
0 3760368 76 76 1533496 0 0 21728 0 0
fn=ATL_dMBJBmm
0 1728 8 8 272 0 0 456 0 0
fn=ATL_dcol2blk_a1
0 949139 17 17 253797 0 0 250286 3499 3499
fn=ATL_dgemm
0 109 12 12 24 0 0 20 0 0
fn=ATL_dgpKBmm
0 400 3 3 150 0 0 125 0 0
fn=ATL_dmmJIK
0 189 23 23 56 0 0 49 0 0
fn=ATL_dmmJIK2
0 11626 26 26 1882 0 0 2940 0 0
fn=ATL_dpKBmm
0 1813 3 3 484 0 0 484 0 0
fn=ATL_dpKBmm_b1
0 768 1 1 320 0 0 256 0 0
fn=ATL_dpMBmm_b1
0 1856 3 3 448 0 0 448 0 0
fn=ATL_dpNBmm_b1
0 640 1 1 256 0 0 256 0 0
fn=ATL_drow2blkT2_a1
0 1070 10 10 201 0 0 102 0 0
fn=__libc_csu_init
0 25 0 0 7 0 0 7 0 0
fn=_gfortran_random_seed_i4
0 93 5 5 17 1 1 15 0 0
fn=cblas_dgemm
0 75 15 15 21 0 0 14 0 0
summary: 3634612228 2301 2297 1970842952 10647 10647 132529689 161114 161114
